23 23
10 2
14 7
12 7
10 8
10 7
11 8
12 8
12 0
4 4
17 5
3 13
18 5
11 14
19 7
9 11
18 0
22 1
22 2
14 21
1 20
4 22
18 21
0 13
10 0
13 11
1 21
3 21
0 20
17 2
1 17
7 18
4 17
5 11
3 0
18 12
5 16
15 20
6 13
15 17
11 17
1 12
16 19
11 13
20 20
19 19
19 9
20 14
13 10
0 2
1 2
0 4
19 2
20 2
16 1
19 20
12 4
1 9
7 2
20 5
22 6
3 12
20 15
19 15
20 16
17 18
4 19
7 10
15 4
21 13
18 19
6 10
1 7
22 13
0 1
14 4
12 18
0 11
8 9
20 12
5 5
4 2
2 6
11 4
12 16
3 8
18 10
10 10
1 10
13 3
16 17
21 10
7 6
17 12
0 0
3 3
4 18
3 4
8 1
6 5
1 1
9 1
18 9
15 11
10 11
8 11
19 3
6 16
4 13
16 2
8 20
15 21
20 21
19 21
10 21
12 22
3 22
5 21
1 16
5 14
16 22
8 21
14 22
20 17
4 14
1 14
2 13
2 19
19 11
10 13
11 10
18 4
3 17
2 16
13 1
7 7
10 15
15 19
19 8
21 3
11 16
10 19
20 10
9 5
14 12
2 11
8 2
13 2
0 19
10 9
1 0
14 15
18 7
16 3
7 13
14 0
15 12
5 15
6 15
10 12
0 18
2 1
7 5
2 4
7 15
10 16
19 0
5 10
16 4
5 8
9 18
16 16
15 1
5 3
2 7
12 1
8 6
4 15
0 7
0 6
8 12
1 6
12 14
8 7
1 18
17 9
21 9
11 19
18 14
17 16
17 13
5 17
21 16
7 3
15 8
15 6
22 8
17 20
13 0
18 1
21 18
20 4
22 3
8 22
5 0
19 12
16 5
21 7
22 14
20 7
13 17
15 0
18 3
0 9
17 19
2 0
11 5
6 1
22 10
16 10
21 19
17 1
20 3
7 8
15 16
19 6
20 6
12 10
13 18
12 3
9 7
17 7
11 7
15 9
4 10
7 16
7 17
9 13
6 17
3 10
4 0
9 22
16 21
1 22
21 21
11 22
2 22
12 21
2 14
2 12
21 2
6 21
4 21
3 5
2 21
17 21
21 20
8 4
10 3
21 1
5 13
21 0
19 14
19 16
18 16
21 15
16 13
22 7
14 5
8 18
4 5
14 16
14 17
13 16
3 7
7 9
6 9
15 2
0 3
7 12
6 11
21 5
17 10
1 4
12 19
2 2
15 5
22 15
20 18
4 12
21 17
17 15
17 14
3 11
12 5
10 17
12 13
15 13
21 4
22 0
2 5
5 6
10 5
13 6
14 18
19 17
6 2
0 5
5 7
12 2
7 1
2 3
2 10
6 18
1 19
13 12
13 15
19 4
13 5
13 14
9 8
16 11
3 6
7 14
3 18
18 18
16 6
21 11
10 14
5 1
14 3
16 12
9 20
16 9
17 8
18 13
22 9
19 13
20 8
14 11
1 15
12 15
6 8
6 6
14 2
7 4
6 14
18 17
8 19
0 8
4 7
8 5
8 14
8 15
11 1
3 9
3 19
18 11
9 4
12 6
13 4
21 14
20 13
16 14
14 10
18 8
21 8
15 10
19 1
11 11
12 9
13 7
15 7
14 9
13 9
16 7
9 14
8 13
6 19
14 8
14 20
10 20
20 0
9 12
18 6
20 11
10 18
9 17
5 4
7 11
8 16
12 17
15 3
4 11
16 18
22 17
2 18
0 17
0 14
9 10
10 6
20 1
22 19
10 1
19 5
12 11
13 19
17 3
7 21
5 22
6 22
6 20
22 21
0 16
3 20
9 6
4 20
2 20
17 22
10 22
8 10
0 12
2 9
13 20
11 3
11 20
8 17
9 9
3 1
5 18
0 10
14 1
11 0
14 13
17 11
6 4
17 17
9 16
22 11
7 19
15 18
7 0
1 5
15 15
1 8
22 12
3 15
21 12
4 8
2 8
4 6
4 3
6 3
13 13
6 0
22 20
14 14
18 2
18 20
22 5
22 18
22 4
8 3
10 4
16 20
9 3
5 12
16 15
18 15
11 18
6 12
1 3
15 14
20 9
12 12
21 6
4 1
2 15
9 15
17 6
2 17
3 16
19 18
0 15
22 16
1 13
3 14
1 11
16 0
17 0
11 15
11 12
17 4
9 19
9 21
0 22
13 22
11 21
0 21
5 20
13 21
7 22
15 22
4 16
5 9
9 0
20 19
14 19
12 20
9 2
19 10
11 9
16 8
13 8
8 0
7 20
8 8
11 6
14 6
5 2
5 19
4 9
11 2
3 2
6 7
