28 28
8 22
14 2
3 19
2 4
2 19
3 10
7 12
5 14
22 22
2 9
12 16
1 11
5 9
13 15
14 15
1 6
26 25
0 19
2 7
21 18
21 17
10 25
10 27
18 12
27 10
24 7
25 7
26 5
7 23
5 0
6 0
10 19
8 21
16 3
1 12
4 14
2 8
5 12
5 19
6 19
4 8
10 13
23 16
0 6
17 0
27 23
6 7
14 4
6 6
26 18
26 17
9 14
5 5
18 13
14 1
22 23
18 26
4 25
23 26
8 26
5 8
1 24
9 8
13 25
12 19
25 4
21 0
12 26
14 22
16 7
20 18
21 22
24 21
8 6
9 21
15 3
4 7
6 9
11 11
9 15
8 14
27 25
4 27
3 3
4 3
19 18
11 27
19 16
15 8
0 20
2 1
0 1
12 2
5 27
19 7
16 2
2 23
18 0
27 22
8 5
5 26
6 26
20 13
17 25
21 26
25 19
22 10
16 9
26 16
20 14
11 18
1 0
7 5
10 0
2 0
13 4
3 0
6 3
10 15
17 12
18 23
0 23
3 23
2 18
15 7
12 20
22 5
23 8
24 8
16 18
18 16
8 16
23 22
26 12
23 1
22 20
23 21
24 9
23 9
9 0
4 1
21 2
25 2
1 27
6 1
25 23
5 25
26 24
22 18
23 18
26 3
13 16
20 23
23 25
15 12
20 4
24 25
16 11
8 19
22 7
17 7
11 25
12 23
23 2
14 26
20 16
23 10
25 8
22 19
21 11
21 8
10 20
3 26
20 5
24 10
14 23
23 6
4 20
13 12
17 16
4 6
5 24
17 6
16 6
7 25
7 24
22 27
8 25
14 8
15 23
24 4
18 7
20 9
24 6
17 22
12 4
8 4
3 1
12 3
19 5
22 14
20 1
21 16
11 2
6 2
24 0
27 8
25 1
23 3
27 11
24 1
14 18
24 16
15 13
15 18
23 11
11 5
18 9
15 14
9 10
27 13
12 13
23 20
13 1
20 20
14 21
19 21
3 14
19 8
9 22
5 16
18 18
10 22
1 20
1 19
0 3
2 6
24 15
3 7
11 22
6 15
25 24
5 15
9 12
9 7
10 17
16 16
20 24
15 17
1 4
1 13
2 13
6 18
1 5
19 22
2 10
3 11
2 14
27 20
3 22
4 19
7 17
1 7
12 7
3 4
5 4
7 8
26 14
20 22
23 23
15 27
20 15
17 5
15 26
17 27
15 25
14 24
0 18
7 13
4 10
0 11
0 17
6 12
0 14
11 12
12 12
12 15
22 2
8 15
2 26
6 27
0 27
0 26
26 9
21 3
17 4
13 11
12 24
17 1
4 22
3 5
14 19
5 22
9 20
16 14
8 13
2 22
19 12
4 21
16 13
10 9
16 23
13 10
10 6
0 21
5 23
12 14
19 17
15 20
13 14
21 7
14 7
8 1
25 10
25 15
11 1
12 11
11 24
21 24
26 15
9 25
24 23
20 2
6 24
4 4
21 13
18 24
18 27
27 16
11 14
17 14
7 16
17 15
24 19
23 4
24 20
26 0
20 21
0 2
9 4
13 3
9 1
7 3
2 27
20 10
17 10
16 10
12 22
11 23
22 8
9 18
25 27
12 6
6 17
21 27
18 3
7 1
19 0
27 4
23 0
22 15
17 18
18 6
25 6
16 5
12 1
11 26
23 14
1 26
8 0
8 2
12 5
13 5
9 24
17 20
19 15
20 11
22 26
2 24
0 24
13 6
22 17
16 1
10 7
11 7
3 18
13 22
10 23
16 19
16 17
13 26
22 16
8 8
10 12
16 8
3 17
2 17
1 17
6 16
8 12
5 17
1 16
8 10
5 13
4 11
22 3
15 19
25 25
4 9
3 15
0 12
2 5
1 14
5 7
0 16
1 10
5 10
7 9
3 9
0 7
19 19
0 13
2 21
3 12
24 11
25 14
15 24
24 17
4 12
24 22
5 20
20 12
6 4
16 26
23 17
6 23
19 25
20 27
24 26
25 20
0 9
20 7
13 20
10 26
18 25
9 13
26 23
3 25
27 15
17 23
20 25
0 22
14 25
11 6
19 27
4 24
14 0
18 17
11 13
11 21
12 21
17 17
24 3
21 10
13 19
9 11
9 6
0 4
6 14
3 16
16 12
11 15
2 11
4 16
6 10
3 8
0 8
3 13
2 15
4 13
7 7
3 20
5 18
8 17
18 22
27 14
26 13
6 20
2 20
26 22
27 18
0 5
4 5
17 8
22 25
15 1
16 25
8 27
15 5
16 20
19 11
9 19
18 21
21 1
21 5
26 2
25 0
4 26
3 27
27 2
25 11
25 17
6 5
6 11
13 18
4 17
21 6
27 12
21 25
27 5
15 0
26 6
10 8
18 1
4 18
13 23
4 15
12 18
19 3
21 15
11 8
9 23
14 17
22 13
16 22
19 20
10 11
8 23
18 10
16 4
20 17
0 10
13 21
2 16
8 24
5 11
2 12
8 7
14 20
7 11
11 9
8 11
7 10
6 13
0 15
6 8
25 18
26 20
27 17
25 22
25 21
15 4
26 21
8 9
13 7
15 6
5 6
3 6
22 11
16 15
17 26
27 21
22 24
23 24
15 16
21 12
16 24
19 24
0 25
1 25
24 18
24 24
7 22
23 19
14 3
5 1
27 6
19 1
7 27
26 10
20 6
25 9
27 0
25 5
20 19
23 15
13 0
11 0
27 9
13 2
10 1
7 18
18 11
9 16
17 2
7 14
11 10
21 19
22 12
12 25
23 12
23 5
10 10
20 0
10 14
14 12
24 12
19 26
14 27
17 24
19 23
9 26
16 27
14 10
18 4
1 23
3 24
13 13
18 14
18 8
27 3
18 5
14 16
17 13
11 17
11 16
7 20
7 4
2 3
4 2
5 2
4 0
10 3
9 5
1 2
11 4
7 26
18 19
7 0
12 8
13 8
13 24
25 12
15 2
15 21
14 14
15 10
19 9
20 3
21 20
21 14
2 2
25 13
17 3
19 4
15 9
26 7
10 16
26 11
7 2
9 2
1 22
12 27
22 21
19 10
26 1
1 9
1 18
8 18
27 24
9 9
13 9
26 4
12 9
18 15
21 23
1 1
17 9
22 4
5 3
8 3
9 3
3 2
10 4
27 1
17 11
26 19
16 21
27 19
22 6
14 5
25 3
17 21
16 0
11 19
7 21
1 8
1 15
6 22
24 13
24 14
23 13
15 22
1 3
7 19
8 20
14 13
12 17
6 21
19 13
7 6
17 19
25 26
26 26
27 26
6 25
24 27
14 6
23 27
2 25
11 20
19 14
20 26
4 23
10 24
10 18
25 16
20 8
14 11
0 0
22 9
10 21
24 5
12 10
7 15
5 21
3 21
13 17
9 17
1 21
19 2
15 15
15 11
14 9
10 2
21 9
26 8
11 3
21 4
18 2
10 5
13 27
18 20
24 2
9 27
22 1
27 7
23 7
22 0
12 0
19 6
21 21
