48 47
43 34
18 5
1 18
5 27
4 33
37 21
40 20
11 30
27 32
8 15
18 36
1 1
3 17
16 25
14 10
14 9
46 28
6 23
13 22
14 6
9 26
7 13
40 44
19 17
8 6
7 22
32 24
35 10
19 6
45 12
44 12
37 4
8 3
17 33
4 25
8 21
20 14
33 29
43 6
27 18
45 1
44 4
5 5
4 14
30 31
3 10
35 13
42 42
11 46
37 8
37 28
43 15
19 5
29 40
10 8
43 0
14 2
9 29
27 41
10 9
30 35
41 45
32 21
22 26
11 24
13 10
41 7
34 33
35 36
42 5
15 29
33 2
32 6
19 15
24 46
36 19
34 19
7 14
26 28
0 25
17 16
7 10
19 39
37 13
4 20
2 44
31 25
36 2
38 17
9 43
14 24
8 44
44 0
38 33
10 17
19 3
2 30
21 31
2 18
25 5
45 21
4 5
40 11
4 6
46 3
45 27
4 11
46 36
9 31
47 13
45 38
42 45
46 33
3 41
6 18
3 31
2 38
45 14
36 18
36 13
37 43
40 16
22 45
13 0
24 32
29 1
1 23
34 30
12 7
13 1
44 38
43 29
3 20
32 28
44 35
3 38
16 31
4 7
44 9
2 7
33 14
2 37
10 10
30 14
25 33
35 42
2 14
14 23
26 11
28 6
19 18
20 29
27 25
42 6
12 1
25 8
40 43
11 43
6 19
42 19
41 8
31 32
13 36
22 15
38 25
33 16
31 33
10 25
40 5
46 0
11 42
8 26
41 26
11 41
35 39
14 46
41 35
4 42
12 34
42 13
8 42
10 13
10 27
38 15
7 17
5 8
10 24
36 5
32 27
23 32
36 25
44 37
24 41
33 12
38 31
12 4
11 12
36 8
25 38
2 22
12 0
11 4
34 27
8 10
1 21
9 7
12 2
30 7
34 24
9 13
7 2
10 38
36 42
15 4
15 15
21 4
20 7
23 30
10 0
4 24
6 34
27 34
18 16
3 0
2 6
4 10
3 1
2 2
9 11
31 19
10 6
24 4
39 17
24 24
4 8
14 17
2 24
11 15
11 40
41 27
35 27
25 36
41 4
37 17
38 9
0 30
45 32
21 36
7 46
29 38
33 8
21 8
20 45
29 28
28 20
30 24
25 27
18 6
22 29
26 0
33 5
28 41
26 37
28 32
23 41
36 1
5 17
7 8
29 8
26 36
27 7
30 18
38 28
16 17
17 1
21 21
38 8
13 12
15 3
18 7
27 20
31 2
23 18
26 45
21 0
18 18
28 42
29 19
22 16
32 7
36 14
12 9
47 4
40 13
36 34
2 31
28 33
13 11
14 22
13 38
20 0
4 46
2 0
39 7
6 36
46 9
25 46
42 41
32 2
38 13
4 39
17 14
40 4
19 4
10 34
40 32
39 30
19 27
40 36
27 26
36 26
17 21
33 39
33 35
34 43
31 40
31 39
33 41
33 46
32 36
30 40
33 42
33 44
32 46
22 37
18 33
19 45
22 18
6 22
37 41
22 35
39 35
37 11
14 30
19 43
28 0
3 15
7 9
4 0
5 0
18 4
35 29
27 10
29 14
29 31
23 13
30 6
30 3
31 23
36 15
1 12
8 27
21 29
29 36
29 16
36 17
25 1
45 18
6 17
9 30
45 45
27 38
28 17
3 45
15 40
4 15
9 40
45 30
9 39
44 40
38 11
7 16
19 23
27 19
35 14
15 37
8 17
29 35
32 32
15 36
31 5
16 42
21 40
27 8
23 23
1 30
43 45
0 37
33 18
13 42
7 27
0 32
37 19
7 24
13 44
18 31
17 43
9 41
45 28
38 34
12 40
45 8
43 37
1 28
1 40
5 30
0 41
5 45
4 4
43 8
4 13
25 34
25 20
7 12
35 0
29 3
14 5
32 18
46 39
21 12
44 29
41 46
38 10
43 41
0 14
23 31
0 8
45 4
0 15
45 3
22 19
9 19
27 31
6 3
42 14
20 17
7 6
11 29
25 0
41 30
12 17
21 7
42 36
46 32
45 19
16 34
43 3
24 2
9 14
24 26
23 0
39 23
12 14
44 15
7 4
19 20
15 20
14 11
46 34
15 12
19 2
13 4
29 5
20 27
22 5
43 7
46 29
18 34
8 4
43 5
22 23
7 19
0 24
31 26
43 4
0 22
44 17
45 7
4 36
3 12
25 29
47 16
40 39
20 24
31 15
18 25
21 22
23 38
11 35
42 2
40 25
42 17
19 31
14 40
36 40
40 10
13 26
14 16
16 7
37 16
29 9
31 18
17 15
24 19
0 28
0 29
0 17
3 26
1 31
1 27
37 36
46 21
45 42
33 30
42 23
27 39
30 4
35 37
0 39
0 40
17 40
1 24
1 36
1 25
1 33
23 34
39 14
1 26
3 13
4 9
12 42
1 45
44 18
25 22
44 10
45 31
39 3
35 26
37 9
5 46
0 12
7 11
24 20
12 15
24 25
39 12
4 32
15 41
36 31
37 31
27 13
0 10
17 24
0 7
43 19
44 46
12 41
0 44
21 6
3 36
14 12
45 40
6 39
28 26
41 9
16 2
31 0
37 32
22 27
45 0
10 18
12 19
15 35
15 10
40 30
20 1
8 5
4 1
9 6
2 16
34 12
17 35
19 9
13 46
33 28
24 16
43 38
24 13
15 5
40 15
44 41
43 10
25 32
45 36
19 32
38 12
39 36
42 40
27 46
25 40
35 18
16 38
17 25
37 29
29 34
5 19
45 9
6 43
36 45
39 6
23 44
1 44
14 33
43 14
2 45
29 42
32 19
36 36
9 9
44 34
44 13
7 34
5 12
1 19
47 14
42 4
3 8
8 28
32 40
13 40
38 23
30 32
47 18
24 8
1 3
6 26
47 10
10 41
35 12
10 21
9 24
15 26
41 19
23 24
41 44
18 42
8 38
42 25
5 22
6 31
13 27
8 31
6 37
12 44
31 30
46 12
33 13
24 42
17 3
40 40
29 6
39 1
34 25
28 14
37 42
1 9
38 43
41 37
21 26
41 11
2 34
37 45
37 44
10 45
11 38
10 16
3 40
32 11
32 30
11 33
34 35
24 45
24 5
29 39
23 11
23 2
28 19
30 25
12 6
35 15
11 10
12 5
34 4
34 6
33 25
18 1
10 5
44 20
34 28
37 2
24 31
39 38
32 0
23 43
28 24
19 41
10 36
23 14
2 5
21 27
17 46
41 13
33 26
38 45
16 45
16 36
7 36
10 33
10 39
27 11
22 33
21 20
32 20
21 43
18 39
28 40
42 11
45 15
25 42
32 1
26 38
13 45
2 4
3 6
39 0
11 19
37 0
38 3
34 2
23 9
14 31
23 16
24 39
12 36
9 8
21 16
44 36
7 39
2 11
2 1
3 4
40 22
28 4
2 19
33 15
23 39
29 20
29 27
19 33
13 3
12 29
46 26
7 35
4 26
47 7
20 4
38 7
42 26
5 31
44 27
6 45
42 37
16 5
19 24
29 12
8 37
15 1
4 22
39 19
34 37
46 17
31 29
18 29
18 14
23 37
12 32
30 38
41 36
36 38
25 45
42 43
36 37
47 8
41 20
14 45
3 14
12 31
44 23
25 2
41 14
22 0
7 44
44 19
22 39
15 43
40 37
39 33
40 33
22 22
15 8
31 20
35 4
37 3
29 17
36 3
24 6
2 21
34 1
26 25
46 44
17 22
34 38
33 20
28 16
27 21
21 23
15 9
24 43
23 28
14 8
16 14
26 27
28 13
14 28
32 17
44 3
44 1
8 40
0 45
32 39
31 43
34 39
32 43
30 41
31 36
31 44
31 41
30 45
34 46
31 46
20 32
20 43
17 45
43 32
33 22
15 14
26 13
16 9
30 39
26 46
16 20
46 23
45 22
46 38
7 42
19 11
22 38
18 28
18 12
29 4
24 22
17 4
24 23
17 5
20 25
29 18
44 45
19 21
26 40
25 25
19 37
26 22
39 39
18 10
25 17
18 13
27 29
24 36
0 6
36 43
12 24
11 3
16 16
28 36
12 25
11 1
5 29
6 15
5 23
13 34
15 39
41 21
28 46
30 30
0 9
1 7
1 13
4 38
17 17
9 3
32 14
40 21
19 12
2 32
13 18
22 20
22 36
8 39
14 14
47 15
5 43
14 13
5 42
15 33
45 17
2 33
15 19
42 8
19 0
14 7
30 13
0 33
6 24
15 13
1 0
34 0
14 39
24 29
38 37
35 17
25 10
14 27
8 41
15 25
31 28
5 24
30 1
27 33
23 22
16 40
46 22
37 26
25 31
28 37
32 15
21 9
16 12
20 11
26 19
18 21
25 35
38 20
20 41
19 10
1 39
32 22
17 31
25 28
30 22
14 20
36 0
45 2
0 4
26 33
14 34
15 27
14 35
18 38
27 28
18 27
43 20
6 11
44 33
9 23
44 2
5 13
43 13
25 24
1 34
0 42
7 38
1 32
0 46
34 15
0 38
15 31
27 42
13 30
5 44
44 30
46 5
45 10
43 22
4 44
2 28
41 5
2 26
45 6
0 34
13 31
2 23
4 12
18 43
21 11
10 22
45 35
38 32
42 32
23 45
47 6
46 37
27 44
27 45
25 15
35 40
38 46
4 17
46 27
44 24
23 5
40 12
5 18
8 0
37 46
16 35
3 16
36 4
29 25
43 42
7 25
44 39
34 9
5 16
46 6
40 17
27 15
2 35
24 38
19 30
37 37
35 31
26 1
14 32
18 35
34 34
17 19
37 5
30 29
22 10
24 3
16 23
8 8
11 7
31 27
6 8
24 28
2 20
17 27
15 38
26 12
2 41
23 19
12 10
37 38
25 43
39 16
24 10
6 21
10 4
27 17
43 44
26 6
19 26
38 4
9 5
10 3
3 27
28 25
13 25
38 26
2 46
10 11
12 45
16 4
15 11
28 10
30 27
36 32
10 35
34 5
21 42
29 15
27 37
16 10
21 35
17 7
28 15
14 36
35 2
36 16
26 41
17 26
9 35
14 18
16 13
11 21
35 9
35 19
17 44
29 22
9 37
34 13
39 41
5 14
16 27
11 6
42 20
38 5
9 16
21 46
46 8
44 31
31 24
41 17
39 46
38 16
21 24
12 23
41 6
4 45
12 38
39 29
41 34
40 35
37 24
25 23
13 8
22 28
26 9
6 0
6 1
46 11
28 35
9 36
34 3
24 11
18 3
32 33
32 4
27 30
26 7
27 4
36 23
28 1
25 39
27 43
24 44
30 36
10 19
40 41
26 39
23 6
18 17
35 8
43 31
29 43
32 37
30 42
8 29
30 43
40 3
34 41
30 46
33 36
2 3
42 46
24 14
19 44
14 25
3 7
43 33
46 43
5 7
38 24
2 17
16 28
26 35
29 23
25 11
26 14
24 15
27 0
28 31
20 30
42 3
45 11
11 45
8 43
3 32
45 46
1 17
44 7
35 24
43 17
6 12
39 43
20 31
46 13
13 19
34 29
21 15
46 14
5 35
19 42
11 0
20 37
8 30
8 13
20 20
0 27
1 46
29 26
13 16
7 41
8 45
32 16
36 11
40 1
24 34
13 24
25 21
28 3
35 6
37 7
13 13
5 3
0 1
7 1
2 29
7 3
40 29
4 19
38 36
33 27
43 46
15 18
40 2
11 22
8 18
36 27
42 29
14 21
41 41
11 18
12 16
13 9
16 41
10 28
11 14
38 29
32 23
17 36
29 7
2 8
2 12
10 29
47 0
30 5
33 11
38 6
9 2
6 42
18 30
26 30
18 15
26 34
37 35
34 20
20 19
18 23
26 5
38 30
37 33
8 33
7 40
3 25
13 28
5 40
21 30
35 43
36 46
25 26
35 44
30 21
5 9
41 22
46 41
4 29
16 44
17 20
25 16
22 12
9 20
24 17
20 2
15 0
20 21
1 5
23 25
39 20
11 2
43 9
9 17
13 33
30 34
7 20
17 42
4 34
34 31
3 18
36 33
16 39
38 19
16 6
16 15
14 4
17 13
40 7
21 14
23 42
25 18
43 1
46 10
17 9
38 40
18 24
27 40
3 2
37 6
15 6
30 16
32 5
39 8
45 23
19 16
27 2
43 28
44 44
29 44
19 22
0 31
25 12
12 18
26 29
7 31
42 1
20 9
24 21
5 11
44 25
38 22
13 32
0 5
43 40
31 9
42 22
3 39
25 6
39 9
42 18
42 16
3 37
43 39
4 41
5 36
17 41
6 10
5 20
36 44
39 18
17 10
36 28
44 21
4 30
35 23
17 18
31 12
46 16
13 43
18 37
15 32
24 18
20 5
21 3
20 3
37 34
5 34
35 45
39 5
6 4
6 5
7 0
0 3
47 2
0 13
0 18
4 31
12 21
15 21
12 20
3 24
1 2
8 1
46 15
16 8
40 26
25 3
0 23
46 2
0 19
0 11
43 2
27 22
47 12
47 17
5 10
25 7
4 27
31 31
9 15
18 11
25 13
31 10
20 42
28 30
32 29
21 13
21 17
19 8
27 12
29 10
18 41
7 43
28 7
24 33
33 4
1 10
1 16
41 2
1 15
35 5
11 26
14 44
41 23
12 43
26 2
30 8
20 22
27 27
27 1
21 37
25 44
13 35
13 6
10 2
26 24
20 10
26 23
26 18
20 46
17 8
9 45
26 21
21 25
38 38
47 1
10 1
37 27
4 2
35 7
38 27
2 43
1 20
1 37
0 43
30 20
15 44
6 46
39 22
46 45
32 12
8 12
7 15
39 4
40 27
23 26
35 28
1 35
16 43
12 27
19 28
4 3
33 34
32 44
32 45
28 28
31 1
12 37
16 37
13 7
14 1
33 32
30 26
33 24
40 18
30 23
17 23
31 8
22 6
22 32
16 24
12 11
24 9
21 19
30 17
37 18
31 16
20 26
20 38
32 3
28 29
13 5
32 10
32 8
17 11
31 14
42 15
43 21
28 43
22 4
31 13
4 18
28 2
28 9
33 9
11 17
30 10
38 21
46 35
45 43
22 1
44 22
12 26
10 15
35 21
23 21
20 15
26 32
26 44
42 7
7 5
15 2
45 20
3 9
44 11
43 25
3 35
46 18
43 26
45 29
3 42
3 34
22 40
6 20
45 25
10 46
42 12
35 34
3 44
4 43
39 45
42 31
12 28
36 9
22 41
11 13
45 37
6 16
22 24
47 9
3 46
37 22
40 34
16 30
37 39
9 21
19 29
20 13
42 27
14 29
5 33
9 22
29 32
34 18
34 36
29 41
34 8
38 35
20 35
7 21
23 29
9 32
28 23
26 8
29 29
5 6
9 33
23 10
9 0
38 2
22 13
44 5
11 9
12 33
44 6
8 32
8 11
22 8
11 8
27 9
36 41
33 7
12 3
6 9
18 22
11 25
40 24
37 30
0 0
10 20
3 19
24 12
8 16
43 30
43 35
26 26
42 39
4 16
8 19
41 1
19 14
15 24
33 10
33 31
46 46
29 37
45 39
10 44
35 32
40 23
18 2
10 40
41 0
35 22
32 25
27 6
34 7
27 5
33 0
20 34
8 23
19 35
11 31
14 19
39 2
11 39
44 42
18 26
1 6
17 6
7 18
41 15
40 8
28 18
2 13
26 42
41 42
31 22
35 3
33 33
43 12
5 41
34 32
43 27
35 30
2 10
36 20
32 26
34 14
6 14
42 35
8 34
43 36
29 30
41 40
30 33
46 20
21 41
19 25
17 29
22 44
11 16
14 26
41 28
40 38
37 25
18 44
13 41
9 4
18 46
12 22
5 32
39 25
46 25
41 38
34 40
31 42
33 40
31 35
30 44
33 43
33 37
6 28
6 32
6 29
14 15
42 9
28 39
41 39
34 16
39 27
39 28
44 14
32 34
2 39
6 41
6 27
13 39
13 29
36 6
1 22
22 30
16 29
20 16
16 1
17 30
24 37
31 4
29 2
38 14
18 32
28 8
45 41
19 13
25 30
28 5
20 8
28 44
20 40
19 36
25 14
26 31
16 18
35 16
35 38
30 0
27 24
21 38
34 23
16 32
39 26
15 30
7 23
9 27
39 34
6 35
17 32
12 30
8 14
6 40
39 10
36 30
15 45
4 21
46 7
8 22
29 11
43 16
21 45
11 34
44 43
25 4
19 7
17 39
38 18
41 16
40 6
5 21
19 40
17 12
20 33
21 32
15 23
14 0
15 22
30 12
16 26
1 4
6 2
24 40
0 16
11 20
13 20
45 5
1 14
46 1
23 36
13 17
9 46
41 43
41 32
6 33
36 7
12 46
10 43
13 14
40 19
38 1
42 34
11 27
5 2
17 37
22 11
15 28
41 18
12 35
26 43
20 23
22 9
24 30
28 38
10 12
39 42
29 0
29 21
46 4
26 3
37 15
42 24
28 27
8 46
35 11
20 36
10 14
19 34
23 27
46 24
17 34
30 15
32 31
34 17
27 23
30 2
30 37
23 40
37 1
10 23
17 38
29 24
23 8
9 34
31 6
10 7
25 19
12 8
33 17
37 23
16 3
38 0
8 7
23 1
3 22
23 7
3 30
3 28
23 15
18 40
39 40
9 1
7 45
0 21
0 20
0 26
8 2
34 10
11 36
47 5
26 4
8 20
40 9
23 3
23 4
1 43
31 17
22 17
18 20
35 25
30 28
2 15
13 15
32 13
15 34
28 12
31 21
21 39
35 20
20 28
18 19
22 7
27 14
31 7
17 2
12 39
21 28
22 34
13 2
23 46
46 30
21 34
33 3
16 11
26 20
26 16
16 21
16 33
14 3
31 3
28 11
29 13
29 33
14 42
2 9
3 5
44 16
30 19
24 0
37 40
14 38
21 10
38 39
34 11
23 17
6 44
24 1
25 9
33 6
22 14
23 12
42 38
12 13
5 25
24 7
18 0
20 12
36 39
36 21
2 36
37 10
5 37
15 46
26 10
7 37
6 25
44 28
35 41
37 12
31 11
4 28
1 42
1 38
1 41
22 21
2 25
3 29
1 11
11 23
4 40
1 8
11 37
14 41
38 42
46 40
23 33
16 0
16 19
2 27
1 29
36 29
24 27
40 45
9 44
42 33
43 24
36 22
45 26
4 23
33 23
43 18
28 45
35 1
45 44
44 8
22 25
19 1
36 12
5 4
9 25
5 38
2 40
13 23
0 36
36 10
11 28
10 37
24 35
39 13
27 35
19 19
9 42
39 11
5 39
45 13
11 11
21 18
21 2
8 36
15 7
15 16
20 6
21 5
0 35
25 41
7 30
12 12
20 18
18 9
27 36
41 10
41 3
4 35
0 2
6 7
5 1
3 21
46 31
34 22
39 37
38 44
9 28
42 28
42 44
17 28
15 42
27 3
45 34
46 42
45 33
36 24
8 35
39 15
38 41
8 9
6 6
4 37
10 30
40 14
42 10
41 12
3 3
22 31
14 37
26 17
7 28
31 34
6 13
14 43
27 16
37 14
37 20
45 16
19 38
11 32
33 21
44 32
36 35
41 25
39 24
32 42
22 46
41 24
41 29
40 46
10 31
6 38
41 33
41 31
39 31
20 44
18 8
30 11
26 15
21 33
30 9
21 44
10 42
33 19
21 1
28 21
16 22
39 21
9 10
3 11
10 26
11 44
7 29
17 0
11 5
7 33
5 15
13 37
7 7
9 38
29 46
31 38
32 41
31 37
29 45
32 35
34 44
34 45
34 42
31 45
32 38
33 38
35 46
13 21
33 45
16 46
9 12
33 1
19 46
28 22
40 0
28 34
47 11
47 3
45 24
22 43
8 25
5 28
40 28
8 24
40 31
42 21
32 9
22 42
42 30
9 18
34 21
39 44
18 45
15 17
39 32
35 33
35 35
20 39
42 0
7 32
5 26
43 11
22 2
3 23
3 33
23 35
2 42
22 3
23 20
25 37
6 30
7 26
43 43
40 42
44 26
10 32
34 26
43 23
3 43
46 19
