84 83
48 29
57 70
20 0
55 53
4 81
58 65
44 16
75 45
68 81
60 57
74 7
47 25
76 32
7 63
79 18
53 23
54 28
57 23
60 58
62 51
58 34
57 22
25 12
58 35
58 36
20 1
78 14
5 27
30 47
47 32
0 22
24 64
21 8
32 76
28 60
48 75
23 40
21 28
56 3
77 0
78 1
53 42
70 29
42 30
77 17
61 53
65 29
58 20
58 26
27 23
69 37
63 26
69 38
65 47
67 25
64 63
55 73
47 4
70 47
73 13
69 26
69 70
65 78
55 9
78 34
78 28
61 75
63 65
63 35
73 27
72 57
59 6
56 22
54 7
43 80
49 29
56 7
44 12
58 31
81 37
82 52
52 30
74 18
79 17
62 13
66 62
78 37
60 59
63 28
68 15
72 52
69 28
57 49
82 47
80 28
58 73
82 43
68 28
59 44
57 77
49 7
72 16
76 46
75 70
67 67
74 8
53 9
64 46
60 45
50 2
57 51
77 3
81 26
69 31
67 81
67 44
66 37
75 41
67 45
60 46
74 15
65 74
71 65
3 9
40 48
48 20
47 26
39 44
35 37
35 45
35 38
49 23
10 35
29 59
8 12
45 40
28 67
7 6
5 2
20 16
18 68
13 82
1 0
6 66
51 76
48 56
4 78
26 37
37 45
14 14
39 74
30 55
50 57
43 57
38 57
51 63
18 16
40 54
6 16
9 69
50 38
22 65
16 44
40 68
53 68
42 54
6 3
31 50
15 27
10 75
27 70
12 11
25 49
21 48
6 63
12 80
12 15
15 68
44 63
12 38
8 31
6 19
52 50
16 62
48 59
50 53
30 50
45 17
34 66
30 49
12 81
14 16
53 61
27 16
8 28
44 36
16 63
40 72
40 66
50 49
11 47
1 35
50 79
43 44
52 43
3 68
22 81
33 27
5 3
31 67
38 58
38 59
0 15
20 19
20 17
20 20
20 22
19 80
11 73
18 79
51 58
18 80
21 80
19 81
14 6
31 34
7 73
48 57
14 2
26 41
5 55
4 65
4 66
33 29
29 32
9 3
0 0
4 69
4 70
4 76
35 68
1 25
52 33
4 71
4 30
5 18
2 29
34 34
5 30
2 30
8 1
30 62
24 62
33 73
5 7
24 29
31 10
50 55
13 69
26 43
4 43
46 58
1 18
20 79
27 73
28 56
14 8
34 64
12 1
5 0
26 40
4 44
25 51
22 7
30 57
45 60
3 11
28 39
14 32
30 74
24 71
35 55
15 41
47 34
46 48
20 58
11 50
47 33
50 32
39 45
23 30
43 58
11 55
28 73
33 80
26 51
33 81
12 73
40 58
53 69
9 4
11 58
26 69
19 19
15 3
37 39
26 54
48 71
30 66
30 39
17 47
15 43
29 29
0 16
46 33
11 26
9 20
36 39
47 8
48 7
47 13
36 41
46 16
48 10
48 8
35 47
3 79
1 82
47 51
47 49
43 34
0 54
1 29
19 72
1 21
0 10
3 8
5 68
5 73
6 73
11 62
6 79
35 71
29 72
29 74
8 16
40 67
21 57
29 69
34 67
44 81
32 69
12 74
35 54
30 80
44 65
28 33
30 42
29 78
12 58
29 54
18 54
13 4
34 53
1 28
25 75
18 12
16 17
20 11
32 81
25 76
26 13
24 79
31 79
19 13
17 13
18 55
46 78
46 79
49 74
11 8
40 73
13 6
46 80
38 80
43 0
14 58
27 79
21 12
25 82
33 33
41 34
13 67
14 44
14 36
12 67
29 50
14 41
13 57
14 37
14 47
41 35
18 49
0 81
6 67
35 49
52 47
8 74
15 61
8 73
9 62
6 12
6 13
5 42
5 39
0 78
1 70
2 81
0 68
47 52
37 64
48 82
37 69
36 72
18 37
59 80
41 63
5 78
49 62
59 81
50 66
50 68
44 53
37 26
36 28
39 80
1 8
41 44
31 28
50 58
50 39
40 77
38 40
40 81
39 76
39 41
38 41
38 42
38 50
43 73
30 16
18 3
46 14
38 45
38 36
37 27
5 13
42 62
41 43
27 72
17 52
29 64
20 74
7 67
15 30
8 44
36 80
27 44
26 75
4 45
10 21
10 18
7 60
25 37
25 46
11 36
4 56
10 32
21 15
19 62
4 52
2 40
22 42
8 60
35 56
23 47
21 39
23 62
6 41
13 34
19 22
2 0
15 64
47 79
23 27
2 1
17 55
5 35
25 29
10 27
19 73
9 64
8 42
44 59
46 31
7 51
27 40
21 40
24 17
43 60
37 56
22 48
4 53
13 16
10 53
20 75
23 44
8 80
21 73
9 34
15 19
3 48
22 63
22 12
24 75
28 70
35 64
48 76
42 61
27 47
28 37
56 79
10 24
33 55
0 32
2 58
7 59
30 48
6 24
2 56
16 14
1 60
2 64
12 24
29 53
22 33
29 57
37 65
5 54
8 41
12 26
35 24
5 36
44 49
10 22
2 44
11 70
4 48
60 77
60 78
1 46
4 54
6 34
9 21
3 65
1 50
1 37
1 56
8 22
10 25
7 33
2 71
7 29
37 58
3 64
52 70
65 30
78 12
53 71
15 17
21 65
20 28
44 55
46 64
53 67
11 71
44 77
3 6
57 43
51 30
53 8
5 11
72 11
73 3
59 43
79 0
72 13
48 48
48 42
48 49
45 26
49 68
64 10
64 15
64 9
64 13
69 0
66 13
64 16
66 23
65 18
65 15
68 5
66 14
67 4
64 5
70 8
66 3
66 6
66 21
66 4
49 26
64 3
65 4
66 18
65 3
61 7
62 1
82 4
68 3
61 1
65 16
61 2
56 62
69 9
64 0
62 3
69 14
71 6
69 13
70 4
63 3
70 13
72 6
71 8
67 18
38 28
71 13
70 11
38 29
38 30
39 22
39 23
39 28
66 8
70 6
69 2
45 23
60 44
47 44
48 43
62 16
67 9
65 12
63 16
63 11
67 10
31 14
72 60
77 32
55 57
51 43
60 14
35 26
69 43
81 11
70 32
25 14
76 14
76 15
65 33
58 57
58 53
53 10
52 26
55 58
66 41
76 19
73 30
41 29
60 34
57 52
47 0
68 37
68 38
79 14
65 35
75 58
65 37
35 25
55 51
35 27
14 72
9 75
44 74
23 75
47 71
45 43
47 72
12 49
18 47
25 52
17 38
19 56
37 59
43 53
36 43
25 58
15 21
43 39
15 40
22 52
3 59
21 36
23 54
43 61
17 61
10 42
2 52
16 34
51 52
12 40
15 46
12 44
27 52
25 33
28 62
14 59
24 48
10 33
4 57
40 56
26 24
19 26
20 43
29 56
33 63
25 30
33 75
25 19
10 79
24 35
19 28
34 55
39 61
5 37
13 46
27 65
22 73
17 57
23 57
20 59
44 61
10 23
14 11
27 36
6 42
41 52
41 53
6 46
19 74
6 43
7 47
23 34
17 67
17 56
4 82
43 65
11 0
12 14
31 81
16 69
1 30
18 63
37 82
31 82
12 41
33 69
34 54
8 57
29 67
38 72
53 62
37 71
30 75
2 28
0 5
49 78
25 22
26 55
19 39
41 60
53 63
16 42
24 20
25 20
25 50
33 45
20 63
18 48
17 32
19 0
52 74
22 72
37 60
7 50
15 52
17 30
38 56
16 35
20 33
17 75
22 69
20 34
45 73
16 49
7 76
30 40
19 40
24 49
22 22
25 40
17 22
34 51
27 53
18 19
3 22
7 54
32 82
33 58
81 15
73 40
47 18
74 28
74 12
57 65
62 33
79 32
46 1
70 56
59 37
71 28
66 51
54 2
66 52
70 74
64 48
77 19
82 6
61 14
7 68
0 19
14 56
19 17
4 9
50 75
31 17
12 75
51 59
50 76
33 53
12 78
11 68
9 78
54 76
51 54
11 69
44 67
11 31
31 58
44 68
17 81
20 23
12 70
9 81
46 59
45 44
46 40
51 55
51 56
31 68
13 5
53 76
32 60
61 64
10 68
32 45
12 79
42 44
46 69
43 46
43 50
79 20
79 21
77 15
63 78
70 79
74 9
59 48
73 51
49 4
73 39
75 18
82 11
72 27
49 9
59 9
60 29
58 33
78 30
57 29
75 29
57 60
72 22
75 10
43 19
69 65
75 16
66 30
80 24
44 23
51 46
59 35
69 34
68 22
65 22
60 17
70 62
52 51
54 63
39 31
52 13
72 53
65 56
72 62
67 77
57 66
53 49
62 27
62 24
59 41
70 45
71 59
59 21
75 17
71 74
78 20
58 74
72 63
53 16
80 9
53 19
60 18
65 40
54 16
26 38
29 48
72 43
60 71
59 19
71 44
73 59
74 14
60 19
70 69
48 2
65 66
52 12
57 78
66 72
72 68
52 1
77 33
52 3
52 0
52 7
50 35
73 45
56 8
68 16
72 40
62 14
62 36
59 51
67 28
9 6
69 18
51 48
65 67
70 52
73 66
73 43
56 18
76 27
58 75
70 61
76 41
44 31
66 73
67 31
57 75
69 29
56 33
54 31
74 32
68 58
56 11
58 81
71 55
59 53
49 33
73 16
62 50
59 63
56 75
63 57
54 14
60 28
73 17
66 76
82 17
82 41
71 25
61 70
55 15
77 57
68 0
61 38
68 1
63 21
52 57
57 8
82 19
80 34
53 47
80 17
49 30
79 37
62 65
55 13
61 71
63 63
75 4
75 2
72 70
81 38
55 64
56 20
62 55
59 30
63 22
22 66
25 27
31 49
23 78
3 18
32 59
80 1
50 0
43 25
44 14
52 21
73 54
66 57
57 21
41 20
73 35
69 30
82 46
57 55
69 76
82 28
58 30
82 30
82 24
60 1
63 59
63 42
62 26
73 25
54 19
45 6
74 10
49 28
74 27
66 31
58 6
29 12
64 57
79 24
80 22
68 56
70 51
74 54
40 32
47 59
42 38
73 68
73 69
47 61
78 78
81 45
79 80
80 51
81 77
80 42
82 78
80 70
74 63
80 69
78 44
54 48
49 15
49 13
56 51
43 41
54 52
39 36
54 49
70 50
56 4
79 77
77 80
81 43
80 44
79 52
80 61
80 77
74 76
80 37
80 81
78 71
78 61
80 78
76 59
5 19
7 10
8 2
4 5
8 11
7 24
7 0
9 0
4 2
49 42
49 46
18 1
16 1
25 10
24 4
23 6
17 6
18 6
44 13
28 6
18 11
34 19
23 1
39 12
37 17
28 8
20 6
41 6
37 18
31 7
42 9
25 0
36 21
32 18
34 14
35 20
49 19
35 21
28 15
40 6
33 0
33 4
26 4
17 0
16 7
16 2
25 6
19 1
18 10
30 22
22 3
30 23
30 19
29 19
20 3
29 20
24 5
16 3
24 9
44 6
40 8
16 9
30 20
33 22
38 11
23 2
23 4
42 2
39 16
40 9
37 9
39 18
29 4
25 1
23 3
43 4
36 16
29 16
27 17
19 2
21 1
28 18
26 1
32 10
29 8
26 2
37 11
28 13
37 0
37 8
30 14
36 12
31 8
36 13
16 80
66 0
78 26
49 47
38 19
37 14
56 1
48 34
38 20
57 12
61 63
40 34
58 11
57 1
40 35
69 52
60 54
69 53
68 42
44 39
69 59
30 28
32 5
21 3
32 26
27 9
29 6
36 14
32 4
30 4
32 23
33 11
34 50
28 29
36 19
27 1
38 21
35 11
76 65
79 78
82 54
77 64
74 66
78 68
82 58
82 71
76 55
73 82
80 39
81 48
76 80
79 70
77 71
81 58
74 53
78 75
74 67
81 79
76 72
78 48
76 68
77 78
81 82
76 75
77 82
76 76
80 75
74 51
81 59
80 48
76 81
74 80
78 64
77 65
55 18
55 19
50 43
78 17
61 66
77 45
78 18
48 33
70 34
46 5
50 22
51 36
57 32
55 31
57 40
51 37
55 25
57 36
54 44
56 35
57 38
50 10
55 43
55 21
56 52
55 23
54 35
50 18
56 41
43 79
67 0
61 74
72 61
73 46
79 39
58 71
28 75
12 4
10 57
2 17
8 81
30 41
52 61
11 64
32 52
44 64
46 53
55 81
54 79
0 55
0 65
0 50
35 80
0 59
0 37
5 23
11 5
39 67
0 69
0 70
26 14
52 45
8 72
15 58
30 43
8 68
35 50
3 21
23 71
26 60
17 72
40 82
33 72
20 37
12 55
31 42
23 70
14 45
16 66
14 51
15 62
5 28
22 70
13 25
21 38
27 76
28 43
53 59
26 35
14 0
52 79
42 23
52 80
1 14
18 76
43 67
5 12
15 1
38 76
24 59
37 67
9 63
30 81
3 38
6 57
18 73
18 69
12 48
14 9
9 72
41 81
39 65
23 58
48 58
42 79
32 57
23 50
15 42
53 77
45 61
25 16
1 36
43 81
21 72
22 68
36 68
35 72
26 29
26 50
18 14
18 15
19 37
3 39
30 63
13 30
10 51
36 53
7 55
19 57
40 55
15 45
24 13
14 77
21 74
26 30
13 35
54 78
9 13
26 70
15 34
37 50
19 36
19 70
46 49
10 12
48 31
52 75
24 38
47 77
3 29
14 24
14 25
36 51
14 26
16 70
7 1
10 7
1 15
14 80
13 72
26 18
8 15
23 51
17 77
13 71
11 74
47 6
46 17
36 42
34 45
47 9
47 14
46 18
46 20
48 6
47 17
36 40
21 14
13 8
49 61
29 46
19 20
35 34
39 19
37 62
23 29
6 59
22 31
9 1
22 61
22 21
38 81
38 82
23 67
52 63
52 64
8 18
20 25
3 14
43 76
0 7
18 65
1 31
51 79
39 69
1 79
45 35
1 77
6 25
5 40
2 73
46 39
3 77
2 76
1 72
2 80
2 72
1 75
0 57
2 74
51 77
7 13
6 14
11 42
45 65
8 75
44 44
45 74
9 65
36 46
49 72
5 80
41 75
21 71
22 55
28 48
14 42
13 51
13 53
41 36
14 39
18 56
4 20
29 82
26 78
44 80
52 59
43 77
3 70
5 76
5 69
45 80
24 81
19 14
5 81
6 71
8 70
9 7
5 82
6 74
5 74
7 74
17 71
29 75
36 67
15 72
26 62
37 63
32 67
32 77
29 66
34 56
21 56
14 53
42 60
18 38
11 2
14 81
31 63
2 77
46 73
1 71
2 78
13 9
73 4
71 21
73 5
71 20
47 41
72 7
47 46
80 3
71 22
55 54
68 10
64 18
67 21
64 14
64 6
65 19
67 2
61 4
69 4
65 5
69 15
62 0
62 12
71 79
69 10
68 6
62 9
69 7
68 11
71 14
69 8
70 12
70 10
71 16
72 3
71 9
71 10
72 4
46 4
70 5
70 2
68 7
40 24
71 5
49 51
48 50
71 15
45 24
63 8
47 45
67 13
57 0
47 42
63 9
45 25
63 12
7 2
8 17
5 5
31 18
8 69
22 54
12 61
12 62
30 56
14 38
12 63
6 61
46 61
19 11
16 18
36 24
16 16
20 12
12 2
49 71
31 74
17 14
17 17
10 34
32 47
59 78
51 68
51 74
52 77
9 80
9 82
11 14
45 56
51 57
47 67
47 68
46 41
47 69
22 76
16 81
2 18
28 64
29 73
5 14
31 73
15 81
24 60
54 10
45 7
60 66
78 2
78 3
58 27
80 30
78 0
81 28
79 10
81 25
49 34
74 17
65 27
73 0
60 8
60 9
62 59
76 9
59 57
77 6
68 14
80 13
49 31
69 78
68 50
71 36
68 53
68 51
82 53
58 15
47 3
67 22
42 41
52 48
48 4
52 9
49 8
52 4
61 47
61 67
80 10
57 61
62 37
59 38
60 11
60 4
60 75
55 68
51 19
60 5
78 15
51 6
54 71
64 72
66 80
13 65
74 72
74 62
74 64
82 55
80 65
81 60
74 75
79 60
81 52
74 73
79 64
74 78
82 62
78 45
81 61
82 67
78 72
78 51
62 19
61 61
83 3
63 54
49 3
74 41
72 75
76 11
67 68
82 21
71 54
70 55
64 74
55 59
53 0
77 26
12 6
4 24
7 4
3 32
9 2
47 27
77 41
58 28
56 38
51 45
70 36
76 38
71 39
56 39
56 46
56 56
50 24
56 47
55 33
53 27
54 39
58 45
58 42
55 22
55 41
50 13
58 50
55 42
56 53
51 38
50 19
53 36
54 45
50 25
49 14
54 50
39 32
39 40
50 27
55 30
39 33
61 56
36 0
34 4
35 3
42 0
38 6
35 10
27 2
33 1
34 8
34 6
33 6
35 9
31 1
30 3
17 46
31 4
32 20
38 22
32 8
29 14
28 30
40 11
43 9
38 4
39 13
41 15
38 8
40 18
40 17
33 17
41 10
38 12
32 22
42 16
27 11
41 11
42 5
29 5
32 29
43 12
34 23
30 7
41 24
44 11
37 13
27 18
34 2
27 5
29 27
30 30
29 23
68 39
57 3
57 9
40 36
69 50
29 24
29 13
32 13
29 7
36 7
38 5
36 8
43 1
40 10
43 2
27 19
39 8
39 9
40 14
35 15
43 10
41 12
30 9
44 1
36 9
28 9
42 17
28 19
28 0
38 1
34 28
34 7
33 8
30 13
28 7
39 10
40 1
30 5
32 34
36 20
34 30
42 1
24 1
35 18
37 10
17 12
69 39
69 35
61 24
47 1
70 64
63 44
64 51
79 65
76 78
81 55
73 77
78 43
81 65
75 76
78 65
77 79
80 56
78 41
65 82
56 68
68 20
69 46
50 3
60 48
75 71
73 63
62 81
61 18
62 43
80 57
72 82
82 68
76 73
76 63
77 77
76 74
82 75
79 57
77 67
81 57
77 81
80 66
81 46
82 76
80 58
82 82
77 68
75 74
70 60
63 48
60 40
73 19
69 23
64 59
42 24
68 72
51 13
66 54
55 7
59 13
63 32
67 80
65 70
59 50
45 27
61 81
54 29
56 9
54 62
77 27
74 81
73 12
53 7
74 82
47 63
49 55
47 64
80 72
80 52
74 68
77 66
78 76
76 53
82 72
79 47
82 59
81 67
80 74
81 66
80 45
79 59
81 64
80 68
79 67
79 74
82 60
27 49
79 63
79 71
35 33
80 49
79 19
43 23
53 4
48 32
58 62
74 21
71 51
77 38
68 82
58 52
81 2
70 75
76 37
70 57
69 68
80 2
53 25
53 24
62 31
3 13
39 51
40 69
66 48
64 53
75 21
75 24
28 32
2 21
35 66
9 73
69 63
74 20
22 9
18 77
49 37
47 53
35 53
53 74
40 45
75 39
21 75
35 28
79 41
67 51
47 19
68 29
52 31
81 19
66 38
77 8
69 44
71 40
52 27
52 28
64 38
53 53
43 29
75 36
75 35
72 46
65 50
56 19
64 52
75 5
79 7
70 49
61 76
61 62
27 22
56 21
60 61
70 76
74 37
61 26
71 69
63 79
68 67
54 69
61 15
62 47
62 22
73 60
70 46
79 23
76 42
60 7
54 4
82 39
61 79
46 10
44 19
65 41
81 22
72 28
57 53
66 40
69 47
73 26
56 63
75 42
61 52
76 21
77 53
75 62
58 10
76 0
70 82
73 49
64 75
72 26
65 75
79 22
73 20
55 77
66 34
74 30
74 49
78 31
41 71
70 63
63 56
79 11
79 12
42 25
55 17
64 71
75 19
55 0
75 20
67 40
49 11
68 23
76 47
54 18
51 28
63 46
60 27
72 72
64 55
64 56
80 20
72 23
55 1
65 42
52 22
42 27
44 24
74 34
61 13
67 69
66 28
66 49
52 14
67 30
72 55
68 79
60 12
60 13
66 70
61 22
57 80
60 30
82 14
81 9
70 24
66 53
61 45
73 36
69 66
68 19
63 25
78 16
80 33
78 24
73 64
74 1
66 27
20 14
58 60
62 40
43 20
65 26
64 73
68 59
65 68
66 74
50 1
53 18
82 18
42 26
59 59
57 81
78 27
56 76
73 41
59 15
70 78
44 26
64 29
80 18
60 67
64 20
52 58
46 2
66 66
81 20
70 43
64 32
69 22
67 78
74 43
68 9
63 72
82 3
81 0
74 44
61 48
62 53
58 76
68 70
73 44
58 32
63 74
59 47
80 8
61 65
58 77
72 69
62 52
70 20
56 32
54 0
63 20
62 44
38 32
65 57
60 73
46 76
82 42
80 35
82 34
70 66
68 62
43 26
74 11
60 36
60 37
59 54
65 55
55 66
60 32
77 16
76 25
61 41
61 19
72 78
59 71
38 31
62 48
69 41
55 55
10 2
46 66
42 66
38 33
36 81
46 67
37 51
18 7
18 4
16 4
20 5
18 2
26 5
23 7
25 9
38 25
18 8
23 13
23 9
20 8
16 5
28 21
24 3
23 12
28 24
27 7
25 7
30 24
28 27
29 22
23 8
34 17
28 25
23 0
15 73
82 44
79 25
67 57
76 22
67 53
59 67
63 43
50 6
77 36
43 27
69 33
61 36
77 34
63 40
79 33
67 61
57 41
58 23
61 59
67 24
72 37
61 57
73 28
63 41
58 58
3 0
81 16
75 22
10 9
37 42
3 10
27 71
34 58
38 60
33 50
55 76
15 7
37 78
41 64
43 66
19 66
20 78
15 35
36 77
50 64
48 54
3 15
14 79
15 76
9 12
28 52
42 50
41 25
40 71
52 68
23 68
44 56
0 25
13 27
18 50
17 53
8 25
12 16
8 45
17 48
11 43
15 11
39 63
26 63
20 62
13 38
22 34
21 61
10 15
9 30
15 12
26 65
11 37
8 62
44 58
4 37
8 48
13 79
2 48
6 54
5 38
5 48
49 79
46 71
34 75
10 77
13 52
48 78
0 9
11 1
1 3
7 42
7 30
28 59
45 57
7 36
9 15
4 47
8 23
7 31
2 37
9 32
12 46
3 58
7 58
2 50
48 63
20 40
50 69
26 61
7 64
25 67
7 32
23 22
18 21
25 62
1 48
1 61
6 55
1 44
1 45
1 52
1 49
14 12
6 56
1 39
6 39
3 49
1 4
2 62
10 48
34 71
20 60
10 29
25 56
38 63
10 44
31 47
11 30
17 62
24 46
8 56
43 64
3 42
48 73
45 8
4 58
11 33
9 36
10 30
24 15
20 57
13 49
21 76
19 21
11 24
33 59
12 27
15 51
28 46
24 50
13 21
3 2
27 54
9 26
10 19
29 43
21 58
14 69
4 62
17 33
4 63
10 20
34 57
15 36
37 35
24 76
24 77
23 64
10 0
13 15
11 21
11 18
17 49
15 37
10 58
33 60
23 32
20 65
24 74
22 15
14 29
15 31
27 64
9 28
15 8
62 82
18 53
22 13
17 27
21 79
18 82
19 82
53 64
61 49
10 8
23 82
5 65
11 76
19 41
30 71
7 49
26 52
15 28
41 76
2 22
0 1
14 4
37 74
3 61
49 69
2 23
13 28
2 16
5 4
23 63
46 54
35 62
34 46
1 40
29 38
29 39
6 10
27 66
29 45
24 47
14 54
3 1
37 21
29 60
29 35
10 31
19 29
22 43
23 33
20 29
17 37
25 59
32 75
25 60
16 20
33 66
12 52
16 21
26 56
23 23
9 27
17 39
19 53
9 56
14 33
7 81
22 38
19 24
21 81
33 20
45 50
28 76
10 45
22 45
45 54
41 49
45 51
21 16
6 48
26 44
35 63
6 35
36 64
20 53
18 36
40 51
7 72
21 49
39 62
10 46
25 21
26 57
28 66
11 39
27 57
39 59
17 24
45 70
41 48
4 15
38 37
54 81
55 78
54 82
41 54
39 60
35 58
42 49
20 70
20 38
22 60
31 20
8 61
20 41
14 60
28 38
40 52
22 24
13 24
27 55
17 40
2 54
17 41
5 43
27 31
5 47
7 37
15 66
0 23
10 80
10 39
23 43
25 63
18 27
22 18
6 50
30 58
23 31
24 21
11 40
9 51
23 35
12 53
46 15
37 31
37 28
37 32
38 73
35 75
2 5
42 73
14 82
0 29
0 30
40 49
41 46
39 55
37 23
38 46
40 20
38 43
41 77
38 44
39 42
14 21
9 74
44 79
29 30
44 75
3 12
33 30
4 3
34 35
4 39
36 37
36 34
35 46
48 21
48 22
48 23
48 15
48 14
1 13
27 56
14 18
15 63
46 43
8 47
25 34
22 30
35 59
16 23
11 29
35 57
28 53
50 78
51 80
30 59
30 60
0 71
4 34
2 31
7 12
20 67
4 31
7 11
25 44
11 66
17 25
6 33
45 63
48 66
30 53
4 67
45 64
15 33
4 77
6 27
20 32
4 17
52 78
9 47
39 49
50 33
39 46
37 52
19 50
51 51
48 72
46 46
18 57
35 78
49 58
1 26
44 38
12 65
11 61
12 66
14 50
0 66
0 45
13 61
0 77
0 61
50 30
39 72
8 67
8 13
25 65
19 76
6 17
4 40
33 37
4 10
8 19
51 70
17 78
18 66
18 64
43 78
5 79
5 71
6 80
7 77
6 64
6 75
33 79
43 59
1 78
14 49
3 73
25 69
78 40
41 37
24 66
27 26
18 74
44 47
0 80
1 66
5 16
47 50
42 36
0 75
2 75
1 76
6 18
42 80
23 49
5 58
28 55
26 33
20 24
27 78
29 80
17 20
19 10
36 69
25 80
30 82
25 73
41 80
48 5
20 68
45 46
16 59
35 81
52 55
48 80
41 69
10 54
48 79
43 30
13 2
29 41
40 59
13 0
29 42
3 5
16 68
19 77
19 78
38 52
28 41
49 56
36 63
3 26
4 25
9 5
2 25
49 57
3 37
7 43
20 13
31 75
23 80
29 77
19 15
29 79
19 12
24 80
16 37
31 19
22 36
16 19
50 47
2 8
36 25
9 59
45 32
18 72
17 79
44 78
34 82
38 34
42 52
41 82
41 62
47 56
1 19
30 51
1 16
13 42
37 72
3 35
45 18
16 30
50 54
52 34
52 35
4 68
40 64
4 32
23 77
18 24
53 65
9 10
47 78
20 82
42 55
46 50
15 32
31 51
52 36
45 75
5 52
42 39
43 51
38 64
83 0
62 49
56 69
81 1
54 56
81 3
58 17
48 1
71 37
64 25
73 15
59 10
64 26
59 7
59 45
59 25
76 29
76 30
79 34
53 26
62 34
58 39
24 6
59 0
73 8
51 8
56 27
77 30
77 31
74 31
54 17
8 29
51 69
3 4
77 29
77 35
31 26
59 12
58 21
59 11
77 22
45 1
78 38
78 33
59 52
68 54
64 45
53 43
76 3
73 33
78 10
65 60
57 59
62 70
69 32
56 28
62 60
60 69
62 61
54 11
58 59
60 16
58 9
71 71
82 25
80 29
70 72
60 20
69 24
60 62
82 40
9 14
75 9
59 29
76 1
65 23
77 39
69 19
69 75
63 73
55 8
74 48
71 80
72 48
60 3
71 81
68 74
60 2
53 11
75 28
77 52
67 32
60 49
62 41
56 71
55 10
64 22
61 77
22 46
51 71
38 65
38 66
59 14
52 24
27 13
6 7
79 66
76 64
76 66
82 61
81 62
76 52
82 56
80 40
78 73
24 70
45 76
42 78
20 64
80 27
82 8
58 72
79 36
82 7
75 55
73 53
75 52
61 31
75 53
75 56
63 47
81 14
80 11
42 19
75 30
70 33
50 4
65 76
67 70
63 31
60 52
71 64
60 42
58 3
52 23
62 28
71 29
63 80
55 50
46 27
32 39
67 37
64 82
32 41
61 42
70 73
68 18
76 26
82 15
82 31
72 24
67 58
79 1
58 67
62 38
52 42
76 33
81 8
81 34
52 11
51 29
55 6
67 26
28 22
32 36
68 26
58 24
58 25
75 48
57 16
56 2
56 65
59 1
57 17
57 18
80 5
4 46
19 18
43 43
69 42
72 67
66 29
81 31
52 52
63 60
61 16
70 35
58 2
57 74
80 16
33 31
38 23
57 13
57 6
31 11
49 49
30 34
49 50
57 2
58 0
57 4
38 54
58 1
69 57
70 48
69 54
69 62
40 37
69 60
47 39
30 18
17 1
48 35
16 8
16 10
21 6
34 29
29 15
34 11
22 2
38 2
21 2
37 1
40 3
33 10
24 2
32 33
38 13
34 9
34 21
41 4
36 3
30 35
29 2
30 27
57 7
30 31
57 11
30 36
39 0
43 6
40 19
41 13
33 12
17 3
41 7
41 16
41 3
42 11
32 35
28 14
41 14
27 3
43 7
26 10
42 14
17 4
30 0
38 16
17 7
27 4
17 2
22 4
25 17
38 26
20 7
17 5
17 8
19 5
19 6
20 4
25 18
30 25
16 0
26 7
37 6
16 11
25 11
20 9
28 20
25 3
17 9
35 4
16 12
40 5
39 5
41 5
33 7
41 18
40 16
24 0
28 3
43 16
26 8
38 9
35 13
30 17
36 15
27 8
39 11
37 4
35 6
34 31
35 22
29 3
32 28
43 5
38 17
28 1
34 24
30 15
35 0
35 16
32 0
32 1
33 24
19 4
37 19
36 6
66 39
69 40
64 41
59 62
40 22
66 60
74 25
77 42
56 66
56 40
77 43
58 48
60 63
58 49
54 32
50 21
72 66
82 22
3 40
40 26
80 21
78 74
49 45
42 40
78 79
81 80
82 74
82 79
81 41
80 41
76 69
82 80
82 70
82 65
81 53
81 42
54 33
50 8
56 48
50 11
58 43
55 32
56 54
5 32
5 29
5 26
73 74
76 49
76 79
77 75
73 78
41 31
76 57
74 61
73 79
79 43
73 73
75 78
78 63
80 50
79 53
76 56
77 73
79 55
78 56
80 71
76 70
76 58
74 65
78 69
81 81
78 52
76 51
78 49
81 56
75 73
77 70
81 50
78 59
74 52
74 70
79 50
81 78
78 77
78 80
80 54
76 82
80 63
51 35
65 38
50 9
51 33
56 36
58 46
55 48
51 40
53 29
55 47
54 42
55 29
50 12
50 14
56 59
51 32
53 31
50 15
55 24
50 26
52 32
53 37
49 16
55 26
55 36
56 37
54 36
49 18
54 51
1 23
53 40
75 6
81 69
80 43
76 62
82 77
78 58
77 72
80 64
82 63
82 81
41 67
28 74
51 75
21 64
23 79
27 81
44 15
18 39
20 51
20 54
18 32
29 36
22 11
26 28
1 33
83 2
37 53
45 41
14 17
44 35
41 39
42 47
39 64
22 79
56 82
8 3
4 35
6 11
15 71
26 48
9 40
9 70
31 64
46 51
23 61
23 15
37 41
3 7
45 33
4 7
50 50
46 44
33 65
4 33
28 28
18 30
23 56
26 66
12 33
52 37
19 59
11 49
17 59
22 82
7 7
43 56
19 34
46 45
42 68
54 72
31 27
3 33
36 56
25 24
8 6
51 44
26 73
13 73
28 65
34 59
44 33
46 21
47 15
44 34
47 10
47 7
46 24
48 11
47 11
14 78
28 68
46 19
47 74
33 70
37 54
9 41
5 21
4 72
35 69
24 16
15 56
53 78
34 76
23 65
17 64
31 44
39 50
11 22
7 21
50 72
11 56
45 9
42 72
42 77
5 57
43 75
11 59
43 35
10 60
16 60
42 74
60 76
19 63
77 4
73 7
69 17
77 5
48 44
72 14
72 15
72 8
73 2
48 51
43 40
48 53
65 9
64 11
66 11
69 6
65 1
67 7
66 9
65 20
27 24
70 0
65 13
67 8
69 16
62 11
63 4
63 2
63 7
62 6
65 2
70 9
69 20
72 1
71 17
71 11
72 2
70 14
39 21
71 0
71 7
65 7
47 36
54 66
65 11
64 19
45 30
67 11
67 14
66 15
67 15
73 48
73 22
69 82
81 35
41 19
70 53
64 80
72 54
82 12
67 82
70 80
75 46
75 11
42 20
73 67
70 70
74 29
51 49
61 27
75 51
49 22
67 46
66 45
74 35
45 3
68 78
76 35
71 75
71 62
82 16
56 73
72 25
75 50
64 33
66 56
75 15
72 56
56 24
70 16
70 17
76 43
66 50
67 76
65 71
73 14
72 21
72 77
7 15
65 43
75 59
60 33
75 60
12 0
49 75
0 17
23 41
16 73
32 46
4 11
36 45
10 49
31 21
47 57
57 14
61 25
57 44
69 48
70 39
61 28
68 44
66 42
73 31
56 64
66 43
70 38
72 31
54 54
65 39
65 34
58 56
45 71
37 49
10 71
14 35
50 74
47 54
10 61
50 77
42 48
33 47
29 49
26 64
52 67
2 14
10 55
51 67
31 69
12 30
10 66
35 73
45 10
32 61
27 46
36 22
29 44
9 79
23 16
52 71
32 50
10 4
16 77
16 79
33 54
30 69
50 65
20 77
32 62
32 49
10 67
51 66
54 77
10 69
4 51
3 46
13 19
26 47
6 38
8 36
15 47
4 59
44 71
9 52
27 37
23 42
12 60
10 36
12 51
25 42
19 23
1 5
27 43
2 2
53 82
52 56
37 66
22 17
21 52
34 65
32 71
28 61
15 13
23 24
33 41
34 74
21 31
21 22
24 39
25 70
14 61
33 71
20 69
12 17
15 5
32 73
25 32
15 29
36 59
18 52
8 24
8 49
8 50
25 35
27 38
27 32
6 44
27 33
32 43
19 71
20 48
25 13
20 42
12 50
7 38
29 63
13 33
25 36
22 47
40 65
28 42
5 46
21 50
13 29
52 62
11 19
39 81
30 61
49 38
22 74
44 72
7 66
24 73
7 62
12 19
30 72
18 33
38 69
8 54
10 41
7 61
29 70
38 70
26 67
14 43
15 50
28 47
16 28
11 16
8 27
36 60
28 71
16 45
15 9
22 75
27 39
11 10
19 64
11 79
13 12
27 34
21 53
41 57
16 75
40 57
33 21
34 72
21 26
20 46
21 34
41 50
18 25
11 80
30 64
33 67
18 22
23 28
2 36
34 52
19 30
27 67
10 81
14 55
16 40
24 51
27 60
21 23
14 76
13 13
23 45
11 23
17 44
16 31
0 11
31 80
10 76
0 6
42 45
21 59
13 14
24 33
19 65
17 26
18 18
16 25
1 27
25 23
39 56
16 43
5 50
12 18
17 54
12 25
26 53
8 38
24 69
22 10
44 69
16 61
14 10
51 64
22 71
45 11
77 44
31 57
55 61
8 58
31 45
9 45
15 20
49 76
24 28
45 77
17 34
21 60
20 76
19 42
20 71
24 63
21 42
22 23
20 39
8 53
8 33
40 38
16 24
2 41
1 42
2 69
2 42
1 58
3 53
2 65
3 47
2 68
2 57
1 53
6 51
50 73
12 20
9 22
7 34
13 10
1 62
1 63
41 55
9 19
3 50
45 72
3 66
12 12
12 9
38 79
1 24
29 37
23 25
7 35
1 55
2 67
2 38
1 6
1 1
1 7
1 9
2 4
16 58
37 33
37 24
39 77
40 30
43 47
36 29
36 30
40 29
38 47
38 38
39 78
34 38
42 82
47 73
16 52
16 53
46 6
16 54
31 40
41 45
40 50
27 27
26 17
5 51
50 41
36 36
35 40
35 41
39 47
35 39
48 16
42 35
14 7
0 31
30 73
4 64
11 27
2 20
50 71
6 52
3 56
51 81
23 18
32 55
36 75
18 34
8 79
52 81
40 42
18 43
5 31
13 3
19 31
8 7
21 69
31 59
17 66
13 78
0 14
53 75
11 72
31 35
37 43
9 77
37 46
23 53
18 78
18 75
21 77
11 60
20 18
38 74
9 58
31 29
30 68
12 56
23 19
4 1
46 8
52 5
59 42
51 11
52 8
49 10
49 5
21 10
53 2
55 20
54 24
61 68
72 44
61 8
56 77
71 50
63 23
61 44
57 72
79 4
61 39
71 70
63 36
60 70
59 20
57 79
64 67
59 8
66 81
75 57
70 54
45 12
74 22
48 0
29 33
54 20
74 24
68 30
63 76
71 47
67 71
75 3
74 33
56 29
65 79
72 45
44 27
59 60
78 8
79 26
68 75
60 64
59 58
68 76
78 39
80 31
79 8
78 29
41 21
75 65
59 5
80 23
59 3
46 9
51 17
44 28
77 7
63 29
66 78
59 69
71 66
81 40
63 55
72 79
39 30
70 44
77 54
60 23
40 25
74 0
68 13
70 15
57 45
82 9
64 54
77 37
73 47
53 50
81 10
38 35
66 79
77 9
62 67
56 23
56 14
61 23
62 71
68 68
53 22
60 39
68 71
75 31
80 6
54 25
72 38
81 5
72 71
62 63
51 20
67 33
65 49
68 60
66 55
58 18
71 53
77 56
77 50
78 21
75 32
63 38
65 77
59 61
68 65
73 11
51 24
34 22
55 71
65 69
64 64
66 58
63 58
64 68
78 22
59 73
57 26
49 17
37 16
45 47
47 70
39 58
45 67
21 44
32 72
30 76
12 35
9 37
5 44
30 67
8 63
16 33
19 75
26 39
18 20
49 73
45 42
10 47
36 61
9 29
47 80
8 59
2 53
8 64
7 39
7 75
14 52
8 66
1 64
21 66
4 41
42 43
34 36
8 78
59 76
41 74
19 46
9 61
0 56
3 80
3 72
34 37
15 59
43 62
29 34
11 63
5 77
6 29
6 30
31 32
33 74
44 66
13 20
29 71
11 53
36 48
5 60
32 68
27 45
39 66
46 42
34 68
11 51
37 75
28 35
52 46
20 73
24 24
9 53
31 62
14 48
13 56
5 56
22 40
22 41
46 81
1 73
0 74
1 67
33 78
55 70
35 51
6 69
5 70
5 67
6 76
6 77
41 61
28 77
24 54
24 55
34 69
41 68
38 62
32 80
38 61
33 28
8 76
36 78
5 64
9 8
11 52
33 82
14 57
1 10
54 80
7 14
7 9
24 82
29 81
28 79
26 79
31 77
26 80
27 75
22 56
17 21
17 18
42 71
26 81
31 76
34 80
23 81
49 77
18 58
12 59
50 81
46 55
14 1
15 57
44 32
12 64
34 77
21 13
25 81
31 78
17 15
26 76
27 80
3 82
33 64
48 77
45 20
7 17
19 8
15 74
50 48
19 9
5 15
47 28
49 24
35 42
48 24
34 41
47 31
49 20
48 17
12 3
2 27
4 42
7 8
4 6
39 79
39 43
46 26
36 31
41 78
40 78
37 34
38 75
51 26
40 31
16 57
46 25
38 51
40 79
37 29
40 76
40 47
2 10
12 76
33 48
53 79
31 60
41 66
10 65
45 82
63 66
57 24
51 21
48 30
69 77
61 9
61 10
79 27
79 40
59 64
61 40
64 70
59 74
60 21
76 18
79 5
59 72
66 35
73 58
40 27
51 12
51 2
65 81
49 1
52 6
51 53
51 3
6 20
59 70
61 46
62 76
23 11
66 67
71 32
65 80
60 50
66 32
65 72
78 32
63 69
58 79
46 0
69 81
75 66
72 29
64 31
54 57
64 42
73 21
70 23
65 31
67 54
75 44
73 24
56 70
53 48
61 82
72 20
62 72
70 40
68 21
76 44
52 15
67 64
61 60
48 13
55 2
55 3
55 4
4 12
45 4
37 47
33 49
6 21
57 62
51 15
2 26
64 62
78 4
53 20
73 18
64 47
56 78
60 24
66 59
61 72
57 25
62 64
56 34
68 2
63 39
78 5
64 28
64 44
71 67
61 69
65 51
72 59
71 68
70 58
65 52
55 72
56 16
56 17
82 32
63 64
74 6
75 7
55 12
77 14
68 77
78 9
71 46
60 6
46 11
61 33
65 61
64 65
71 41
10 5
72 39
81 21
77 10
65 63
77 11
56 74
62 29
71 49
54 64
70 18
80 4
82 29
75 63
81 6
63 24
79 35
62 79
57 82
59 36
59 56
68 73
42 28
51 22
69 74
65 73
65 62
62 15
67 29
66 26
55 11
64 81
42 21
53 57
64 34
82 10
74 13
61 37
46 77
31 12
71 60
72 49
72 50
53 81
72 74
71 63
58 22
82 50
56 5
77 23
10 13
51 65
9 46
4 13
4 14
13 60
39 71
49 67
50 42
13 59
5 8
2 12
10 72
54 73
52 65
23 74
14 70
22 80
31 23
16 72
52 69
53 80
25 54
40 70
25 55
15 2
46 32
55 79
62 78
41 26
51 60
51 61
19 68
50 62
5 10
10 62
31 70
50 63
11 67
10 63
21 67
21 68
32 51
33 52
23 20
46 34
43 68
35 74
16 76
27 28
49 64
37 70
40 28
61 54
61 55
45 37
4 8
11 77
41 40
10 73
48 81
1 22
10 74
46 65
22 78
1 68
3 81
0 33
2 79
2 82
1 80
0 79
0 40
36 47
21 11
42 33
9 60
1 74
1 69
3 74
26 32
1 65
4 80
3 44
2 24
23 72
43 31
34 81
36 79
41 72
35 35
41 73
28 40
4 79
23 76
16 46
11 45
34 33
31 43
14 67
0 44
51 78
49 66
39 52
39 53
0 67
6 36
6 28
6 15
22 8
42 58
36 76
45 49
28 34
28 36
0 82
11 6
7 26
50 67
42 70
8 71
6 62
3 76
0 58
42 34
22 6
31 16
33 51
37 20
1 81
3 78
3 75
6 31
6 32
5 41
17 76
15 6
0 8
3 36
37 57
15 55
68 63
75 27
71 57
73 23
74 26
43 21
74 47
71 24
30 6
58 4
60 10
62 74
62 45
72 33
59 49
58 7
54 15
77 55
59 31
76 4
74 16
57 67
62 68
60 55
56 15
63 67
60 56
73 10
73 34
59 4
61 80
77 59
53 58
75 54
68 55
82 35
60 26
73 55
64 60
73 52
64 24
60 15
77 20
13 7
14 19
36 65
38 3
35 7
76 7
32 44
82 37
82 48
54 70
82 38
52 17
52 18
72 35
62 23
71 38
57 58
57 47
51 4
52 10
60 31
72 64
51 1
51 9
77 60
76 36
69 67
77 49
57 68
43 32
59 39
62 21
67 72
68 80
81 4
59 65
81 7
70 30
78 13
53 41
63 52
55 14
77 28
58 66
82 0
54 65
58 37
21 24
53 12
30 1
31 5
29 28
49 48
29 25
41 27
68 45
58 40
80 19
68 43
69 61
68 47
44 40
41 28
66 1
55 75
55 5
77 46
63 77
70 37
20 2
21 4
21 5
24 8
25 5
19 3
27 25
29 17
21 7
28 23
26 11
29 18
29 21
41 8
32 21
34 18
38 10
27 0
32 27
32 11
44 2
44 0
27 21
44 4
42 4
33 26
40 7
28 16
31 0
39 14
28 4
38 14
36 10
40 15
27 15
42 13
42 10
34 25
18 5
38 0
30 2
30 10
33 13
33 14
35 14
30 32
31 6
30 29
37 2
32 2
38 24
34 10
57 5
48 37
29 0
32 16
38 27
34 32
35 19
40 4
40 2
27 20
27 10
35 1
35 17
32 6
43 18
32 31
32 7
40 0
38 15
42 15
43 13
37 12
43 8
38 7
33 9
34 20
27 6
22 1
32 32
42 12
16 6
25 66
0 20
31 9
38 55
56 67
48 36
48 38
47 30
32 40
32 38
69 36
67 42
67 47
67 48
78 35
78 36
57 69
82 20
81 30
82 23
68 57
51 5
45 5
47 60
58 13
75 23
77 13
73 37
53 44
57 19
48 3
62 39
59 75
62 62
73 32
59 68
64 76
58 61
76 34
70 27
74 19
79 2
67 55
67 27
82 36
54 21
76 13
67 62
77 24
50 31
58 29
55 63
65 53
61 34
78 19
64 77
70 67
64 78
7 16
76 40
70 68
15 38
50 56
55 67
52 16
56 10
65 48
54 1
57 20
81 27
57 63
54 12
16 65
31 39
3 57
31 38
10 64
32 78
9 9
63 62
65 45
61 32
63 61
73 29
68 17
41 22
61 43
73 38
75 25
62 75
77 18
19 60
0 24
43 63
29 58
18 45
58 47
57 33
55 39
57 34
54 40
50 20
56 58
57 35
54 41
56 55
53 30
55 40
51 42
39 37
39 38
56 60
50 44
53 38
53 32
50 45
51 34
39 34
64 50
69 64
55 56
11 15
55 62
74 46
59 16
58 63
51 50
60 22
60 51
60 47
77 58
67 65
75 13
68 32
80 73
74 55
73 80
76 71
81 54
73 70
78 42
79 72
78 57
80 36
76 67
80 46
80 79
82 57
82 69
79 61
76 54
77 62
81 75
54 74
74 56
53 55
47 24
47 62
80 76
74 60
80 67
40 33
47 58
73 71
74 59
75 79
78 60
81 70
79 68
74 71
76 61
81 71
80 62
61 73
56 31
62 56
76 2
61 20
61 12
33 19
52 54
23 14
69 71
63 50
62 80
65 59
76 48
66 68
75 64
63 33
64 23
79 58
81 49
79 44
78 54
79 75
79 82
75 81
78 62
76 60
74 69
74 57
77 69
75 75
82 64
73 75
78 67
75 82
74 79
77 74
54 46
54 37
56 49
54 34
47 22
54 53
46 7
58 5
57 31
53 28
57 37
55 34
50 28
56 61
55 27
56 50
56 57
28 69
26 15
17 35
46 62
11 28
49 41
16 82
17 82
7 19
11 3
43 72
6 8
2 7
4 4
7 28
5 17
12 5
4 26
4 22
33 32
4 19
37 80
41 30
64 37
59 40
51 0
76 31
68 64
73 62
68 24
61 29
43 36
61 30
57 54
69 49
67 56
70 25
60 35
79 15
59 23
57 56
75 43
64 35
68 33
81 23
55 52
66 44
70 26
79 30
35 29
65 36
75 40
47 20
54 47
35 30
57 42
57 46
60 41
71 33
68 34
79 42
69 45
51 25
67 41
76 20
80 15
72 32
73 1
31 55
67 5
61 5
64 21
65 17
61 6
70 1
18 0
68 12
62 4
60 0
69 1
66 5
63 0
69 11
62 7
64 12
70 7
72 5
74 4
75 68
63 27
39 24
71 2
66 2
71 18
39 25
48 39
71 1
48 45
72 12
48 40
73 6
45 28
72 17
72 19
47 47
66 19
45 21
64 17
49 52
67 3
66 24
39 20
18 13
65 8
30 46
69 3
67 16
66 22
67 17
69 5
66 7
67 6
63 5
48 46
66 17
63 13
65 10
45 22
64 7
45 31
64 4
62 17
67 12
63 17
39 29
26 68
12 72
21 20
16 48
25 72
33 61
7 23
12 39
19 44
26 25
8 39
26 12
25 25
18 44
26 19
15 53
27 30
1 51
15 79
15 77
27 58
45 52
44 41
21 54
33 68
13 43
41 58
23 55
20 45
11 34
20 36
20 49
14 27
22 50
17 68
23 26
11 54
22 62
15 48
31 52
24 43
16 38
17 45
28 54
28 80
2 11
37 81
16 50
15 82
2 15
13 17
24 36
17 28
9 49
12 22
10 14
5 33
24 67
24 68
29 47
19 61
37 61
34 62
56 80
18 35
2 43
60 79
13 37
17 50
52 72
37 68
45 78
20 66
18 28
15 23
15 44
42 63
17 29
21 82
46 57
11 20
5 45
20 44
10 82
40 39
4 60
41 56
20 26
8 46
11 25
25 64
33 42
14 62
22 28
26 58
19 51
25 61
8 65
2 61
1 54
21 37
27 68
42 57
11 81
27 35
60 80
24 19
7 69
60 81
17 80
1 38
6 40
2 55
1 57
2 60
2 59
2 70
1 2
9 18
9 16
2 35
3 52
28 50
8 34
21 18
34 63
4 55
15 67
12 7
44 50
7 27
11 7
33 46
24 34
14 28
25 38
45 62
20 31
14 22
47 75
18 60
15 14
44 62
31 22
46 74
11 44
9 38
20 72
18 41
16 32
7 40
9 57
15 15
12 32
22 27
21 27
33 76
23 38
24 30
31 46
11 41
19 55
13 48
8 43
45 48
13 47
24 56
56 81
31 30
46 75
15 24
20 47
29 61
41 38
19 32
18 61
21 45
24 42
19 54
7 82
41 51
16 27
6 26
14 13
36 33
24 22
23 36
28 57
24 25
10 37
22 37
13 26
22 53
22 29
24 18
8 32
37 55
18 46
31 41
14 23
6 49
14 66
19 58
22 25
23 39
2 46
3 62
0 21
31 31
37 48
67 73
53 56
57 64
71 61
72 65
43 24
68 31
76 28
61 50
44 43
72 58
58 14
43 11
75 47
57 71
83 1
49 32
80 0
82 49
46 12
52 19
60 38
58 69
52 20
54 58
55 60
54 8
49 0
54 9
54 61
75 8
72 34
50 36
66 33
55 74
78 6
31 56
23 73
19 67
19 69
5 22
31 36
9 76
32 58
0 26
17 36
66 69
53 51
57 15
63 30
31 15
78 11
79 38
64 49
42 32
71 34
73 9
51 10
60 68
13 11
3 34
0 2
5 66
2 6
20 21
35 67
18 81
21 78
42 64
7 22
5 20
8 8
4 29
53 60
1 20
28 81
28 82
17 73
49 80
1 32
10 50
16 22
20 80
12 36
19 48
18 51
18 42
14 20
22 49
4 61
7 48
17 63
6 37
22 57
14 68
21 41
15 39
24 52
19 49
9 43
32 64
5 49
1 47
10 10
0 12
0 13
44 51
12 10
7 25
3 16
18 70
50 51
34 78
32 70
19 35
19 47
34 70
32 53
2 3
31 65
13 40
20 30
26 42
24 53
46 68
52 38
6 22
4 36
40 75
47 29
44 70
21 55
50 40
19 38
46 70
43 48
31 24
9 66
45 79
44 54
16 78
35 60
1 34
13 66
9 42
24 37
42 75
45 59
36 66
13 55
31 48
32 65
36 55
45 13
45 14
28 45
29 31
13 64
44 76
24 14
31 25
41 79
53 66
16 51
36 70
39 75
46 52
8 14
25 45
6 81
37 36
6 65
13 41
47 35
45 19
5 24
13 80
43 69
27 41
22 58
3 28
25 47
48 65
22 26
9 33
5 59
2 66
2 39
36 26
1 59
3 67
18 26
13 75
5 72
27 50
15 80
22 51
7 70
9 39
26 20
9 54
24 40
15 49
24 41
2 51
3 54
12 42
4 49
8 51
10 43
11 82
27 61
14 63
24 44
22 35
11 35
22 19
12 45
8 52
21 21
14 64
17 23
7 52
8 26
26 21
44 37
15 10
24 61
10 78
29 52
62 77
31 53
6 47
16 26
40 53
16 74
24 45
23 59
20 27
36 82
24 26
35 65
21 46
36 44
34 0
12 54
10 40
12 43
26 27
25 48
27 69
2 63
25 4
6 45
14 30
32 66
24 23
24 27
49 35
8 37
41 59
25 57
21 25
31 54
19 27
26 72
27 51
7 41
19 52
27 63
17 42
7 53
44 60
45 53
43 55
45 55
43 52
23 21
9 44
31 66
16 41
27 59
48 64
13 76
27 62
24 57
23 52
2 45
25 26
35 23
2 49
15 65
3 51
7 71
3 60
4 50
16 15
6 53
25 68
20 50
3 63
40 40
9 23
9 17
1 41
9 48
41 47
34 27
14 15
11 48
10 38
20 81
10 28
25 28
21 51
46 38
3 55
60 82
1 43
3 45
13 18
2 47
29 40
48 61
40 43
18 71
10 59
15 78
45 68
10 16
6 60
9 55
11 38
26 49
14 46
2 19
26 59
39 68
49 53
49 60
14 71
37 40
25 43
21 43
13 62
26 31
23 37
35 70
22 67
6 4
2 33
28 58
7 3
6 9
5 25
48 9
47 5
47 16
45 81
46 23
16 47
33 39
33 35
34 40
33 34
13 74
14 74
13 70
51 72
59 79
50 70
59 82
49 81
49 82
49 63
40 46
49 70
3 71
35 52
5 75
8 82
6 70
6 72
7 78
23 66
8 77
6 68
6 78
37 76
25 77
29 76
15 69
39 82
25 79
25 74
28 49
42 65
46 82
15 70
32 48
25 78
7 44
26 82
26 77
17 16
27 77
28 78
7 45
19 16
17 19
30 54
28 51
14 40
29 55
46 60
42 69
50 82
13 81
30 65
36 73
27 48
17 69
29 51
40 60
0 3
37 73
5 61
5 62
24 65
36 58
44 82
5 63
24 72
15 60
49 59
45 0
10 17
40 44
24 10
48 12
45 45
10 11
0 18
49 27
34 42
48 18
34 43
48 19
43 37
42 37
49 25
48 25
48 26
33 38
35 43
35 44
48 27
36 38
48 28
8 21
12 13
39 57
27 29
13 77
16 56
17 70
16 55
37 25
38 48
37 22
36 32
38 39
7 20
40 80
38 49
42 81
34 26
42 76
37 30
43 74
51 27
3 23
8 4
6 0
34 79
3 25
2 9
8 20
4 27
5 1
7 18
10 1
34 15
50 59
55 80
42 53
12 71
47 81
34 60
54 75
11 32
42 42
48 55
0 4
44 57
51 62
32 63
10 70
31 71
13 63
63 68
41 42
15 54
13 1
49 65
47 82
40 61
49 39
49 54
36 54
40 74
43 71
18 59
39 54
53 70
58 54
77 21
64 39
71 35
64 43
78 7
79 3
52 25
75 14
68 35
32 42
80 14
65 32
68 25
71 43
75 26
35 31
57 10
67 52
47 2
36 23
64 40
68 36
51 41
47 21
66 36
55 82
75 49
71 52
79 13
44 20
72 10
43 49
11 4
25 15
17 65
35 76
6 58
24 11
4 38
21 29
2 32
21 17
43 82
24 12
52 39
19 45
48 68
32 54
4 18
33 77
6 5
8 0
36 52
14 73
46 47
41 65
14 75
30 52
29 68
30 78
16 64
18 62
35 61
30 70
9 11
42 59
46 28
45 58
50 52
9 67
46 29
49 36
3 17
38 78
8 9
1 11
33 43
52 82
30 77
24 58
13 68
44 73
21 32
3 41
11 78
41 41
37 44
24 31
1 12
12 37
13 31
24 32
21 62
21 30
21 63
37 77
29 65
9 24
25 71
37 37
45 69
25 31
26 26
26 16
12 47
5 34
15 25
11 17
30 44
22 16
30 45
37 79
27 74
10 26
26 36
18 67
11 75
27 82
46 56
8 35
16 29
20 52
20 55
12 28
20 56
17 60
31 72
21 19
9 35
6 82
46 63
22 39
36 50
35 77
26 23
46 72
18 31
11 65
9 50
7 46
26 74
33 40
35 36
34 44
12 23
50 80
39 73
48 67
50 60
13 32
52 40
7 65
19 33
17 58
10 52
23 48
13 44
4 73
4 74
8 30
52 41
50 34
26 45
36 49
3 69
5 53
20 35
33 56
53 72
7 56
18 23
0 76
45 38
26 22
32 79
0 48
0 51
0 42
46 35
0 49
0 43
0 72
12 77
63 1
0 41
0 46
11 46
11 9
28 63
12 82
34 47
15 75
34 48
18 17
57 48
47 12
46 22
35 48
1 17
13 45
42 51
38 68
60 74
59 77
54 67
42 56
21 9
13 54
14 3
52 44
48 62
7 79
32 56
7 80
50 61
45 34
39 70
66 46
61 21
67 74
56 72
54 3
42 22
67 38
64 58
82 45
33 25
71 56
79 31
77 48
71 42
58 55
67 59
81 33
72 80
71 27
72 51
66 65
67 63
68 27
76 16
76 17
62 30
71 76
80 12
49 12
70 21
81 17
61 78
81 18
61 17
71 30
71 31
3 19
52 66
0 27
31 37
79 28
77 25
75 37
58 8
79 29
71 48
53 21
76 8
52 53
75 67
81 39
56 25
72 47
82 51
56 30
79 9
50 37
67 50
61 51
75 69
43 33
66 82
53 1
52 2
64 30
53 73
44 25
70 81
44 52
81 24
45 15
20 15
53 3
51 7
54 68
56 6
54 55
45 16
56 12
76 12
63 70
71 45
61 11
82 1
62 54
46 3
74 36
58 70
64 66
72 42
79 6
48 41
70 77
55 69
70 65
49 21
47 38
45 2
57 73
58 80
77 1
59 32
77 2
81 13
76 5
81 12
76 6
70 22
67 79
66 63
82 5
51 31
73 42
72 41
63 45
61 35
82 2
65 54
58 68
62 57
69 25
66 61
42 29
63 49
69 72
69 73
31 33
12 29
54 38
46 30
39 39
53 34
53 35
53 39
44 42
69 79
76 10
68 49
68 52
59 22
60 53
66 64
50 5
27 14
64 61
54 13
65 46
82 33
82 27
47 65
47 66
74 58
39 35
76 50
75 80
82 73
79 46
81 51
79 49
79 69
72 81
80 53
81 44
74 77
78 53
58 12
75 38
64 36
63 75
82 26
67 75
71 72
63 19
64 27
72 76
40 21
74 39
58 64
75 12
80 26
82 13
55 65
68 48
68 66
67 66
59 33
51 14
59 46
76 45
52 60
57 57
71 73
53 13
69 80
63 34
12 69
54 5
44 17
62 20
67 39
71 23
67 49
47 37
44 29
60 43
61 58
51 18
54 22
58 78
43 42
50 46
76 39
59 24
44 18
53 33
59 28
77 47
51 39
56 44
57 39
56 42
59 27
70 41
50 16
56 43
56 45
55 37
58 51
50 29
55 49
58 44
50 17
55 45
50 23
55 28
54 43
55 35
55 46
55 38
55 44
11 11
80 80
81 68
78 47
78 50
79 62
80 38
81 73
81 72
81 74
78 55
81 47
79 45
81 76
82 66
80 47
81 63
79 81
73 81
78 46
75 77
80 59
78 70
77 63
73 76
77 61
79 73
74 74
78 66
73 72
79 56
80 82
80 60
79 76
79 48
75 72
78 81
79 79
76 77
80 55
78 82
77 76
79 51
79 54
67 1
49 2
32 17
41 33
30 26
37 15
57 50
56 0
29 26
28 31
68 46
58 41
69 58
43 38
69 55
69 56
68 40
69 51
68 41
35 2
44 3
44 10
39 17
44 7
39 6
23 10
42 18
30 11
34 16
32 37
23 5
36 5
34 3
18 9
33 18
33 5
35 5
44 8
44 48
41 17
36 27
32 14
37 7
39 3
39 4
40 12
32 3
37 3
28 17
28 2
31 2
34 1
41 0
42 3
39 1
35 8
42 6
19 7
41 1
36 1
31 3
39 7
49 43
49 44
23 17
20 10
35 12
32 24
37 5
34 5
34 13
33 2
36 17
26 0
30 12
39 15
33 16
36 2
36 11
34 12
38 18
30 37
32 25
30 33
33 23
26 3
30 38
22 0
40 23
15 0
25 8
30 21
26 9
17 10
22 5
26 6
28 26
42 7
47 40
30 8
36 4
16 13
17 11
35 32
54 30
74 23
71 58
59 66
70 31
68 69
56 13
62 32
58 38
38 67
22 32
5 9
60 72
67 23
70 71
51 23
63 71
43 22
72 36
65 64
58 82
70 42
65 65
77 12
60 25
69 69
59 18
80 7
11 13
15 4
54 60
65 24
73 56
63 53
44 21
65 25
54 27
62 35
59 34
57 30
53 6
74 38
55 16
77 40
44 22
63 81
75 33
64 69
57 27
77 51
59 55
66 71
49 6
66 75
74 2
62 46
78 25
59 2
54 59
46 13
73 65
72 73
53 54
68 61
76 23
28 10
66 77
80 32
70 19
78 23
58 19
62 66
58 16
59 17
62 69
62 58
63 18
47 23
62 73
75 61
70 59
51 73
25 41
28 44
16 36
23 46
36 62
12 21
16 39
34 73
12 8
15 16
33 3
24 7
42 8
28 11
25 2
28 12
41 9
32 15
32 12
44 5
39 2
41 2
29 9
29 1
32 9
43 14
40 13
32 30
29 10
36 18
17 74
51 47
31 61
38 53
13 22
21 35
25 39
52 73
6 23
19 43
18 29
38 71
17 31
9 25
39 48
3 3
42 31
7 57
6 1
33 62
15 18
17 43
22 14
9 71
15 26
13 50
32 74
11 12
14 5
16 71
24 78
48 60
40 63
5 6
4 0
4 28
0 36
4 23
37 38
3 27
33 15
28 5
32 19
29 11
43 15
0 28
43 17
27 12
28 72
18 40
13 58
14 65
42 46
19 25
8 55
16 67
17 51
13 39
12 31
13 36
36 57
12 34
34 61
33 44
29 62
33 57
6 2
3 24
8 5
21 70
36 35
33 36
8 40
8 10
3 30
2 34
47 55
27 42
4 16
23 69
41 32
47 76
43 54
62 42
70 28
52 29
72 30
73 50
64 79
81 36
75 34
21 0
60 65
75 0
75 1
74 50
53 52
44 30
63 37
53 45
60 60
67 35
71 26
67 36
57 28
65 58
66 47
50 7
76 24
53 46
67 34
57 76
52 49
53 14
53 5
81 29
54 26
67 43
80 25
71 77
54 23
53 15
63 51
71 82
74 45
69 27
81 32
65 44
74 42
79 16
59 26
71 78
56 26
67 60
54 6
73 61
63 82
73 57
74 40
53 17
62 25
34 39
43 3
39 26
39 27
71 4
71 19
51 16
64 8
71 3
71 12
47 48
44 9
31 13
47 43
72 0
62 18
63 10
74 5
66 16
63 14
63 15
49 40
41 23
72 18
45 29
44 45
74 3
72 9
65 28
66 12
48 52
44 46
52 76
48 47
65 14
66 25
65 21
67 20
65 6
68 8
68 4
65 0
66 10
67 19
62 5
66 20
70 3
62 8
64 1
62 10
61 0
64 2
69 12
61 3
62 2
69 21
63 6
48 74
23 60
0 60
43 28
0 62
0 52
0 35
0 53
0 63
26 34
0 38
0 47
45 39
0 73
21 33
9 31
30 79
35 82
35 79
43 45
10 3
21 47
4 75
22 20
38 77
48 69
48 70
43 70
20 61
19 79
45 36
14 31
45 66
25 53
13 23
41 70
15 22
40 41
12 57
22 64
36 71
11 57
12 68
10 56
42 67
3 20
2 13
0 34
0 64
26 46
0 39
46 36
46 37
3 31
4 21
6 6
10 6
51 82
7 5
36 74
9 68
22 59
22 44
14 34
22 77
40 62
34 49
26 71
3 43
