23 23
8 15
17 3
18 3
19 2
19 3
20 2
20 3
11 14
6 12
1 16
1 15
20 16
0 22
21 10
21 9
21 16
7 9
8 9
16 0
1 2
11 0
17 0
0 4
12 14
22 9
3 0
18 0
2 2
9 15
0 14
0 19
0 17
5 6
2 16
11 4
2 17
17 22
13 18
1 22
0 21
6 11
15 21
16 19
16 21
17 21
19 5
1 4
20 5
18 6
19 6
6 6
10 15
9 19
3 16
18 21
17 12
0 6
11 15
19 21
16 13
7 11
9 2
10 2
11 2
1 19
3 17
7 6
6 13
0 5
14 18
8 6
1 6
9 6
21 18
7 13
4 17
8 11
10 6
1 5
7 12
1 21
0 7
8 13
2 19
1 7
2 5
9 13
9 11
10 13
3 19
2 4
2 7
17 8
0 10
9 9
5 17
8 12
17 13
9 12
10 9
18 13
1 10
2 10
3 10
15 5
4 16
4 19
2 15
5 16
19 0
20 0
21 0
22 0
9 1
0 1
0 0
10 1
3 15
1 14
1 1
11 1
2 1
6 2
2 14
0 11
1 11
5 19
3 5
22 18
4 10
19 13
1 17
4 15
6 16
10 11
2 22
20 21
20 6
12 15
2 21
6 17
3 4
18 8
19 8
11 11
13 15
7 16
3 21
3 7
14 15
5 10
21 5
15 15
6 19
22 16
20 8
4 21
5 21
7 15
7 17
16 15
10 12
11 12
6 21
7 21
21 21
4 7
20 13
5 7
7 19
3 22
8 16
11 9
2 6
9 16
6 7
8 21
3 6
7 7
0 20
8 7
6 10
21 2
8 17
22 5
4 5
15 18
12 2
13 2
0 3
9 17
1 3
11 13
21 3
22 3
4 4
22 21
13 14
10 16
22 10
14 2
11 16
4 0
14 14
5 5
16 11
5 4
6 5
21 8
1 20
17 17
12 16
4 6
10 22
17 15
22 8
18 15
6 4
7 10
12 9
13 16
14 16
12 4
4 22
17 11
18 11
8 10
10 17
19 15
22 2
11 6
13 4
12 6
9 7
9 21
2 20
8 19
11 17
10 7
21 13
12 1
13 1
1 0
3 1
4 1
12 0
14 1
3 14
12 11
13 9
3 2
15 1
13 11
16 1
17 1
11 22
18 12
19 12
10 19
16 18
17 19
2 3
7 2
3 3
4 3
5 3
7 4
14 9
3 20
12 12
5 22
4 20
5 20
11 7
12 7
13 7
18 19
21 19
8 4
14 7
18 17
0 9
15 7
17 18
21 6
15 9
6 3
2 11
14 11
8 2
7 3
8 3
16 7
12 13
12 17
19 19
15 2
16 2
22 19
17 7
18 7
1 9
15 8
6 20
6 22
20 12
19 7
20 7
15 16
22 13
2 9
21 7
7 20
5 1
9 10
10 10
20 15
16 9
11 10
7 5
12 10
22 7
10 21
13 17
7 22
19 11
8 5
11 21
21 15
6 14
3 9
18 1
13 6
14 6
9 5
9 4
10 5
4 9
15 6
14 17
13 10
0 8
1 8
16 16
21 12
18 18
8 20
9 20
2 8
3 8
13 12
10 20
11 20
15 14
4 8
15 17
5 9
22 12
15 11
13 13
9 3
11 5
10 3
16 5
22 6
6 9
16 6
20 19
14 10
14 4
15 4
16 4
17 4
18 4
19 4
12 20
13 20
16 17
20 4
0 18
1 18
17 16
6 15
20 11
17 5
2 18
12 21
16 14
16 8
13 21
3 18
14 13
0 12
14 20
11 3
4 18
4 14
18 5
11 19
1 12
12 19
17 9
7 14
19 17
15 10
15 20
8 14
13 0
19 1
14 0
5 0
6 1
5 15
6 0
2 12
4 2
5 2
7 1
7 0
17 14
19 18
5 8
5 18
15 13
6 18
7 18
6 8
22 15
16 20
3 12
18 16
18 14
16 10
17 10
0 13
17 20
14 21
12 5
18 20
19 20
19 14
7 8
18 10
8 8
13 5
20 18
10 4
9 8
10 8
11 8
1 13
2 13
18 9
20 14
12 22
12 3
13 19
13 22
17 2
21 11
18 2
3 13
4 13
14 22
5 13
4 12
13 3
14 3
20 20
21 14
14 12
15 3
19 10
20 10
9 14
0 16
8 18
8 22
22 11
5 14
9 18
3 11
0 15
16 3
4 11
5 11
14 19
20 17
21 17
9 22
19 9
10 14
21 20
20 1
2 0
8 1
15 0
8 0
9 0
21 1
22 1
0 2
10 18
12 8
22 14
15 22
16 22
11 18
15 19
14 5
21 4
17 6
22 4
22 17
10 0
13 8
15 12
16 12
20 9
12 18
14 8
19 16
22 20
5 12
