28 28
4 17
19 12
3 2
9 7
4 2
0 6
5 2
6 2
17 22
0 11
5 17
1 11
1 6
6 17
14 17
2 8
10 26
0 1
7 11
21 21
22 21
11 19
12 19
27 14
15 3
16 3
13 10
13 11
13 23
21 3
22 3
0 18
1 18
20 12
2 11
0 7
3 8
1 7
0 0
1 0
4 8
15 6
22 22
5 8
22 12
21 27
6 8
14 13
8 12
21 22
27 25
16 25
8 10
21 19
26 7
14 20
7 27
10 3
1 24
7 15
8 11
12 1
10 7
8 15
0 14
14 7
17 3
13 19
7 20
23 12
15 20
18 22
19 22
7 0
2 18
15 13
0 9
1 9
17 25
18 25
19 25
11 26
7 21
17 0
18 0
3 18
8 20
15 17
24 12
0 3
15 2
16 2
19 0
7 22
16 6
16 13
13 1
25 12
22 27
24 2
9 15
10 15
20 18
0 23
2 24
21 23
15 7
26 12
14 19
22 19
4 18
23 3
20 0
24 3
21 4
14 1
22 4
15 1
20 26
21 15
4 21
8 0
7 2
1 3
17 13
3 11
16 7
17 7
18 7
1 14
16 17
14 27
22 23
18 14
11 12
20 22
14 23
17 6
14 14
25 2
23 4
18 3
7 5
8 22
24 4
23 23
11 15
16 20
23 21
24 21
12 12
2 14
5 21
12 26
22 15
18 13
13 26
23 15
9 20
19 7
19 13
10 20
5 18
8 5
0 27
25 21
19 14
10 13
24 23
20 14
14 15
7 24
9 22
20 13
15 15
6 21
20 7
2 0
20 25
3 14
9 10
12 15
14 8
21 7
13 15
7 16
3 24
8 16
22 7
0 22
15 8
16 8
23 7
17 8
1 22
16 1
17 1
17 2
18 1
24 7
23 19
25 7
24 19
21 6
19 1
9 5
19 3
10 5
20 3
14 4
11 5
4 14
15 19
24 15
5 14
16 15
20 1
21 8
24 17
17 24
25 23
14 16
15 23
26 2
17 20
9 16
17 17
4 11
22 8
10 16
2 3
6 14
6 18
3 3
1 1
4 3
11 7
16 19
2 9
0 19
4 5
4 24
5 5
6 5
12 7
15 27
0 15
10 22
1 15
13 7
2 6
3 6
3 0
7 8
2 22
2 7
5 11
6 11
26 23
8 24
4 0
11 20
3 9
9 12
9 9
10 9
4 9
17 19
5 24
18 20
6 24
21 26
18 8
1 27
1 23
2 23
3 23
0 2
14 26
5 9
0 12
1 2
3 7
1 12
15 26
16 26
12 20
13 12
17 26
11 22
12 22
13 22
7 23
15 4
16 4
23 8
18 24
11 16
27 12
9 24
11 9
1 19
10 24
11 24
25 15
18 26
12 24
26 15
13 24
27 15
4 6
3 22
15 16
21 0
0 21
8 2
16 16
2 15
2 19
17 16
19 8
24 8
22 6
17 15
18 19
27 2
19 24
12 16
16 23
22 26
13 16
27 23
25 8
7 17
12 9
19 19
4 23
5 23
20 19
17 23
19 20
16 27
25 19
21 24
20 8
22 24
12 5
14 21
25 4
22 0
23 0
23 6
24 0
8 23
26 8
18 16
19 16
3 19
4 19
14 9
15 18
0 25
27 8
9 0
1 25
21 9
24 6
21 13
17 4
13 5
26 19
3 15
15 9
11 13
18 6
25 3
8 17
27 19
9 23
26 4
27 4
22 13
23 13
5 19
15 21
23 26
22 9
2 25
9 2
10 0
23 9
16 18
24 13
8 8
9 8
5 6
6 19
0 20
1 20
4 15
13 20
21 20
10 8
5 3
24 9
6 3
0 4
1 4
2 4
6 6
11 0
3 4
7 3
8 3
2 12
25 9
2 20
12 27
6 9
4 4
3 12
11 8
4 12
0 10
5 12
4 7
1 10
2 10
7 4
9 11
16 21
6 12
5 0
0 13
16 9
20 20
4 22
27 22
5 7
23 24
6 0
21 16
10 10
3 25
26 21
9 17
8 27
4 25
5 25
24 24
12 0
17 9
5 15
10 17
9 27
23 22
23 27
11 3
24 26
5 22
6 25
1 21
0 24
25 0
0 26
10 2
25 13
6 15
19 6
0 16
1 16
2 16
18 9
19 9
3 16
13 0
7 1
5 4
6 4
0 5
22 16
17 27
1 13
1 5
8 4
10 11
11 11
9 4
2 13
10 4
3 10
2 1
3 1
8 21
25 24
25 26
21 18
4 1
5 1
24 27
26 24
12 8
11 10
26 9
1 26
27 7
2 27
11 17
27 9
3 20
20 16
9 25
9 21
18 4
20 9
7 6
8 6
10 23
11 23
9 6
19 4
26 26
12 10
11 4
4 16
8 1
14 10
15 14
2 26
14 2
26 13
20 4
13 8
27 13
6 1
4 20
2 5
21 10
22 10
22 20
7 9
12 23
5 16
22 18
6 22
17 21
9 1
10 25
19 17
23 10
6 16
3 13
0 17
3 5
12 17
4 10
4 13
5 10
5 20
6 7
12 4
0 8
6 10
1 8
5 13
7 7
27 24
21 25
27 26
22 25
23 25
24 10
24 25
8 7
8 9
15 10
10 12
13 9
18 15
16 10
10 27
25 27
3 26
4 26
1 17
17 10
5 26
11 27
11 2
12 3
27 21
18 21
11 25
25 25
20 6
21 5
14 3
25 10
13 17
14 5
18 10
15 5
10 6
12 13
19 21
23 20
26 3
25 6
16 5
26 0
27 3
20 21
23 16
18 27
21 14
19 26
20 24
14 22
19 15
7 18
19 10
20 10
14 25
22 14
24 22
24 16
20 15
6 26
4 27
5 27
6 23
8 18
6 27
25 16
26 10
10 1
12 2
20 17
24 20
14 11
15 11
27 10
2 17
26 16
17 18
6 20
9 18
27 0
21 1
22 1
23 1
22 5
24 1
14 0
18 2
15 0
10 18
7 14
23 5
8 14
9 14
11 18
16 11
21 11
10 14
25 17
27 16
22 11
17 11
18 23
25 20
19 2
23 18
23 11
24 11
23 14
17 5
19 27
18 5
24 5
25 5
2 21
10 21
19 23
25 11
11 6
12 11
2 2
18 18
13 27
13 4
13 2
19 5
18 11
18 17
15 22
20 2
24 14
19 11
25 1
26 1
27 1
21 2
22 2
12 6
21 17
26 17
11 21
27 17
20 11
26 11
7 13
12 18
25 14
11 14
12 25
7 12
6 13
26 25
25 22
26 20
26 22
12 21
7 10
13 18
7 19
27 18
19 18
13 25
24 18
26 6
12 14
7 25
8 25
7 26
8 19
8 26
14 12
9 26
13 3
14 24
27 20
3 27
9 3
9 19
3 17
25 18
15 12
22 17
26 5
16 14
13 14
16 12
15 25
11 1
15 24
16 24
26 18
20 27
3 21
27 11
14 18
23 17
26 14
27 5
17 14
13 13
23 2
17 12
21 12
16 0
13 21
16 22
13 6
10 19
20 5
14 6
8 13
9 13
27 6
18 12
20 23
