118 117
54 32
9 52
55 32
5 51
51 30
29 17
56 32
8 66
30 17
53 108
10 52
57 32
54 21
9 35
58 32
11 21
15 6
11 52
52 30
0 33
53 30
12 52
54 30
6 51
29 94
1 33
2 33
10 35
3 33
55 30
13 52
4 33
5 33
6 33
0 11
3 74
56 30
109 63
113 77
0 112
64 58
70 74
59 23
59 14
5 81
7 41
77 68
59 60
18 91
4 48
60 14
61 14
84 34
60 23
53 27
62 14
59 6
9 4
54 85
57 102
61 23
113 100
58 102
30 94
31 94
32 94
62 23
59 88
50 105
33 94
34 94
61 17
62 17
1 112
59 45
63 17
24 49
0 22
77 28
64 17
65 17
66 17
20 68
103 76
19 91
78 68
55 85
71 100
3 26
1 85
114 65
2 85
79 37
59 32
2 112
60 32
61 32
62 32
71 74
103 81
63 23
4 26
54 27
114 78
55 27
94 51
63 94
6 81
1 22
60 45
117 87
84 41
105 7
5 48
2 22
114 77
114 100
67 20
106 101
7 81
9 66
3 112
55 89
10 66
56 85
11 66
12 66
26 71
73 98
13 66
54 108
57 85
58 85
67 39
104 50
51 105
20 91
74 98
35 94
95 51
77 62
11 58
57 44
66 85
4 74
79 68
67 85
68 85
104 81
60 88
78 28
79 28
48 63
98 54
35 22
73 49
49 63
59 38
5 100
74 49
21 91
66 4
84 2
22 91
18 79
67 4
103 10
54 79
3 85
59 71
19 79
36 94
80 68
52 105
64 94
99 54
1 11
37 94
2 11
78 62
8 41
29 60
72 74
115 77
30 60
6 48
110 63
104 76
101 62
7 48
51 107
60 71
105 76
38 94
8 81
6 100
67 17
106 7
59 0
3 11
107 7
62 96
68 17
61 71
115 78
68 39
63 32
5 74
104 10
105 10
74 101
105 81
23 91
39 94
52 76
63 96
106 81
66 91
69 85
14 52
4 112
81 68
107 81
82 68
83 68
52 107
40 94
41 94
61 88
61 45
60 60
53 76
24 91
64 96
6 74
5 112
42 94
7 100
55 108
62 71
67 91
68 91
65 96
69 91
14 66
62 88
0 103
70 91
43 94
71 91
63 88
7 74
44 94
72 91
7 14
15 66
3 22
106 10
108 7
61 60
6 112
63 71
1 2
0 14
73 91
8 48
14 63
8 100
7 51
62 45
64 71
56 89
58 44
9 100
65 71
68 4
21 87
60 38
109 7
10 4
16 16
8 74
12 58
74 91
13 58
14 58
31 60
107 10
15 58
9 81
31 17
16 58
17 58
18 58
5 113
6 113
10 81
16 66
30 65
10 100
31 65
27 59
21 68
17 66
53 105
32 65
18 66
19 73
110 35
19 66
69 4
20 66
21 66
22 66
22 87
65 94
73 74
4 22
5 22
85 34
11 100
74 74
25 91
110 7
26 91
60 6
111 63
85 2
6 22
9 48
9 41
96 51
8 51
115 65
97 51
108 10
39 37
68 20
100 54
57 37
0 3
10 41
63 45
33 65
7 22
8 22
116 78
108 81
109 81
110 81
84 68
117 78
85 68
27 91
59 79
27 71
83 26
12 100
111 81
9 22
8 14
69 17
11 41
64 32
17 36
20 73
64 88
9 14
75 49
75 91
70 17
76 49
48 56
32 60
28 91
69 39
45 94
70 39
111 7
98 51
99 51
11 81
12 41
101 54
100 51
102 54
103 54
104 54
105 54
66 94
106 54
112 81
107 54
108 54
109 54
110 54
111 54
10 22
1 103
2 103
56 27
112 54
5 26
65 58
113 54
25 49
77 49
59 61
26 49
75 74
50 63
27 49
10 48
66 71
28 49
116 77
11 22
7 112
29 49
67 71
13 41
76 74
3 103
57 39
112 7
64 45
63 14
0 45
23 87
113 7
33 60
34 60
4 103
65 45
84 26
66 45
14 41
61 38
112 63
15 41
61 6
114 54
65 32
115 54
116 54
81 36
109 111
43 11
117 54
21 73
59 55
60 55
61 55
80 28
71 17
1 45
67 45
62 6
64 23
10 14
13 100
60 0
63 6
66 32
114 7
16 41
65 23
61 0
64 6
62 0
65 6
35 60
85 26
67 32
86 2
66 6
101 51
66 58
60 79
102 51
6 26
9 74
103 51
86 68
67 58
87 68
116 65
2 45
115 7
14 100
46 94
68 71
86 34
28 71
8 112
68 45
76 91
77 91
17 41
87 2
61 79
78 91
9 112
69 45
36 60
58 37
18 41
88 88
32 17
89 88
90 88
21 38
40 37
1 3
91 88
92 88
22 38
41 37
47 94
28 59
2 3
93 88
18 36
71 39
94 88
95 88
96 88
62 55
81 28
3 45
48 94
57 27
9 51
69 20
70 45
4 113
30 49
12 81
49 94
50 94
31 49
82 103
83 103
59 106
88 107
89 107
84 103
85 103
90 107
91 107
68 58
59 107
86 103
75 98
76 98
87 103
105 102
4 45
88 103
51 94
56 108
69 71
13 81
10 74
37 60
24 87
60 106
92 107
62 79
117 77
117 65
55 79
96 31
64 14
52 94
105 43
97 31
10 112
20 79
53 94
11 48
19 41
65 14
29 59
5 45
65 41
54 94
106 43
63 79
113 63
30 59
19 36
107 43
31 59
15 100
77 74
109 10
20 41
38 60
22 73
6 45
106 30
93 36
80 37
108 43
109 43
36 22
81 37
82 37
83 37
84 37
94 36
32 59
22 68
33 59
34 59
35 59
11 14
79 91
19 58
10 51
11 74
89 103
7 45
23 68
20 58
69 58
4 11
7 113
58 27
70 108
24 68
34 65
85 37
86 37
87 34
12 48
20 36
5 103
35 65
23 66
115 100
97 88
12 22
113 81
70 85
64 79
82 28
66 23
67 23
66 14
21 36
68 23
12 74
69 23
110 10
67 14
0 64
111 10
68 14
69 14
70 4
114 63
112 10
5 11
70 23
8 45
88 34
21 41
72 39
70 14
1 7
78 49
71 14
71 23
9 45
22 41
1 64
68 32
60 61
62 38
61 61
78 74
62 61
79 74
70 71
63 61
80 74
81 74
71 71
57 108
72 71
64 61
0 28
13 48
1 28
2 28
3 28
4 28
14 81
5 28
65 88
73 71
6 28
66 88
22 36
67 88
83 28
0 86
59 24
12 14
7 28
8 28
114 81
13 22
67 94
104 51
105 51
106 51
63 55
64 55
66 96
106 102
65 55
66 55
71 85
29 91
67 96
107 51
108 51
115 63
109 51
110 51
29 71
88 68
115 81
102 104
10 45
116 81
103 104
33 17
7 26
82 74
83 74
84 74
90 103
61 106
9 28
14 48
80 91
62 106
81 91
91 103
92 103
93 103
94 103
63 106
15 48
11 45
64 106
55 94
95 103
25 68
71 4
104 104
6 11
73 39
56 79
113 10
100 0
101 0
102 0
79 49
103 0
3 3
71 45
116 7
117 7
72 17
10 28
84 28
86 26
114 10
74 39
80 49
59 8
87 26
75 39
70 58
11 28
110 43
85 74
98 31
87 37
12 45
71 58
3 115
99 31
60 24
100 31
16 100
104 0
19 22
61 24
105 0
4 3
5 3
83 0
106 0
107 0
20 22
6 3
84 0
108 0
72 14
73 14
72 58
14 22
73 17
74 14
75 14
13 45
16 48
72 45
69 32
62 24
89 34
24 66
25 66
76 14
13 14
26 68
77 14
25 87
13 74
78 14
63 24
70 32
54 76
64 24
106 76
68 88
15 22
82 91
88 2
60 8
115 10
116 10
55 76
23 36
11 4
70 20
117 10
61 8
62 8
63 8
73 45
88 26
67 6
71 20
63 38
59 66
30 71
89 2
59 11
74 45
90 2
73 58
17 48
74 58
14 74
75 58
76 58
77 58
111 43
112 43
78 58
79 58
80 58
81 58
82 58
83 58
84 58
15 74
88 37
113 43
85 58
1 86
16 22
75 45
74 17
60 11
75 17
76 17
64 8
16 74
6 103
68 96
65 8
26 66
83 91
27 68
61 11
84 91
23 41
15 81
24 41
68 94
14 45
30 91
66 8
89 68
90 68
91 68
92 68
93 68
94 68
15 45
71 108
89 110
90 110
58 39
17 100
72 108
73 108
11 51
53 107
15 52
7 33
11 35
14 14
16 52
58 108
72 85
107 101
65 79
117 81
60 66
59 82
88 99
60 82
89 99
90 99
61 66
86 74
91 99
63 43
101 31
17 52
18 52
0 109
1 109
19 52
2 109
3 109
20 52
56 76
4 109
21 52
32 49
54 107
8 33
55 107
56 107
22 52
23 52
18 100
31 91
34 17
21 79
32 91
35 17
12 21
22 79
36 17
7 103
37 17
38 17
0 1
62 11
77 17
76 39
16 81
81 49
63 11
74 71
72 20
63 0
21 58
1 1
68 6
78 17
57 76
57 89
64 43
8 26
25 41
58 76
17 81
8 103
18 81
26 87
12 28
7 11
8 11
5 109
6 109
7 109
8 109
9 109
10 109
11 109
12 109
111 35
82 49
19 65
85 41
111 51
105 50
106 50
69 94
86 41
87 41
88 41
73 85
39 60
33 91
73 20
74 20
27 87
89 41
90 41
13 109
2 64
3 64
67 55
0 77
82 36
67 8
56 94
34 91
105 104
107 50
62 66
66 79
16 45
91 41
61 82
62 82
67 79
63 82
64 82
72 4
65 82
74 85
64 11
23 73
65 11
85 28
39 17
40 17
12 35
41 17
42 17
43 17
9 33
44 17
1 77
57 107
2 77
49 56
68 8
68 79
19 81
75 71
17 16
65 112
3 116
4 116
66 112
5 116
6 116
7 116
67 112
18 16
0 40
36 115
68 112
12 115
1 40
51 15
19 16
15 14
85 114
57 94
2 40
59 114
59 111
37 115
38 115
69 112
70 112
71 112
107 5
3 40
58 94
8 116
4 64
72 112
73 112
32 5
33 5
9 116
74 112
13 115
10 116
11 116
12 116
75 112
91 111
60 111
4 40
76 112
77 112
92 111
78 112
61 111
79 112
60 114
61 114
14 115
5 40
86 114
87 114
88 114
89 114
90 114
91 114
92 114
22 58
17 22
0 23
40 0
41 0
21 22
102 62
23 58
24 58
28 87
0 38
22 22
17 74
58 107
58 89
16 49
20 81
50 113
50 56
69 88
85 91
24 52
45 17
51 35
95 36
79 62
25 52
14 109
33 49
80 62
81 62
15 109
46 17
0 95
70 88
16 109
54 105
0 108
0 5
1 5
55 105
34 49
35 91
36 91
37 91
0 90
3 77
1 108
16 6
20 65
57 30
1 90
10 33
11 33
103 62
9 26
104 62
105 62
106 62
107 62
108 62
16 14
109 62
26 41
110 62
27 41
111 62
51 56
47 17
13 21
107 76
69 96
70 96
9 103
91 110
19 114
2 7
5 64
3 7
92 110
6 40
62 111
28 41
15 115
62 114
20 114
7 40
4 7
1 38
2 38
69 110
93 110
3 38
63 114
5 7
76 45
64 114
21 81
8 40
24 36
6 7
4 38
65 114
25 36
7 7
8 7
5 38
9 40
21 114
22 114
9 7
63 111
94 110
80 112
16 115
81 112
66 114
13 116
82 112
10 40
83 112
17 14
10 7
11 7
52 15
12 7
110 111
96 109
13 7
53 29
106 111
17 45
91 108
5 5
14 7
92 108
15 7
16 7
67 114
84 112
17 115
39 115
68 114
85 112
59 110
86 112
87 112
17 7
2 108
18 7
19 7
20 7
18 14
21 7
28 68
44 11
18 45
6 38
19 14
22 7
10 26
19 100
11 26
27 66
25 58
29 87
26 58
10 103
3 108
77 98
70 94
69 6
11 103
91 2
23 38
92 2
19 45
56 105
12 33
26 52
70 6
76 71
48 17
57 105
27 52
54 29
24 38
25 38
66 11
67 11
77 39
83 49
78 39
68 11
75 20
79 17
79 39
69 8
86 58
12 103
66 82
67 82
6 64
87 58
1 95
71 96
88 58
89 58
90 58
7 64
68 82
4 77
9 11
69 82
30 87
70 82
28 66
17 109
75 101
71 82
86 91
87 91
38 91
36 65
5 77
71 94
1 23
2 95
69 79
96 103
116 63
80 17
88 91
89 26
86 28
117 63
59 64
63 66
112 51
64 66
77 45
29 68
10 11
22 81
12 26
89 91
29 41
72 94
70 79
72 82
95 68
29 66
30 66
31 66
32 66
33 66
34 66
35 66
23 81
40 60
65 24
90 26
91 26
92 26
66 24
67 24
49 17
78 45
107 30
68 24
69 24
24 81
30 68
25 81
31 68
13 103
91 58
92 58
30 41
93 58
94 58
7 3
41 60
14 103
18 48
26 81
79 14
64 38
70 24
42 60
43 60
44 60
108 76
95 107
92 99
93 99
13 26
31 87
14 26
13 28
79 45
80 45
87 28
70 8
69 11
80 39
90 34
81 45
65 61
26 36
92 41
70 11
73 94
91 34
88 28
71 32
71 6
12 4
20 45
72 6
11 112
73 6
2 23
77 71
78 71
39 91
60 64
89 28
32 87
12 51
71 11
76 20
72 11
73 11
27 58
112 35
82 45
20 16
6 77
87 74
33 87
90 28
91 28
81 39
21 16
74 11
92 28
77 20
78 20
113 35
66 61
75 11
15 103
75 85
21 45
61 64
58 105
22 45
20 100
79 71
0 106
73 82
79 20
74 82
113 51
96 68
114 51
97 68
18 74
90 91
24 73
91 91
80 71
109 76
92 91
112 62
3 23
31 41
2 86
45 60
19 48
80 14
81 14
98 68
2 2
65 66
3 2
4 2
99 68
5 2
6 2
34 87
108 101
19 74
7 2
27 81
8 2
22 16
36 66
114 35
80 20
28 81
76 11
67 61
82 14
93 28
71 24
16 103
77 11
83 14
72 32
107 71
84 14
20 48
59 15
0 100
83 45
84 45
72 96
71 79
72 79
73 79
3 95
40 91
94 28
81 71
82 71
20 14
32 68
33 68
68 55
8 3
75 82
69 55
11 11
70 55
66 66
108 50
71 55
67 66
62 64
72 55
73 55
4 95
93 91
74 55
75 55
32 41
95 58
68 66
3 86
28 52
71 8
29 81
15 26
35 49
1 106
58 30
13 51
8 113
29 52
8 64
13 33
30 52
14 33
50 17
15 33
13 35
14 28
18 109
2 106
14 51
16 33
52 56
53 56
31 52
32 52
41 91
15 63
68 61
85 45
52 35
51 17
53 35
5 95
54 35
96 107
42 91
83 71
2 90
4 108
19 109
17 33
33 52
34 52
20 109
18 33
36 49
21 109
72 8
65 38
93 2
73 8
94 2
9 64
76 82
74 8
69 66
73 96
76 55
77 55
35 87
43 91
36 87
15 51
6 95
7 95
7 77
8 95
9 95
25 73
21 100
10 95
11 95
30 81
12 95
4 23
95 28
13 95
34 68
75 8
37 22
66 38
74 6
95 2
113 62
63 64
59 78
27 36
73 4
96 2
97 2
67 38
70 66
16 26
110 76
37 87
78 98
64 64
65 64
77 82
74 96
71 66
72 66
74 79
75 96
75 79
78 55
88 74
73 66
66 64
74 66
79 55
67 64
75 66
80 55
76 79
68 64
60 78
23 45
0 31
16 63
1 31
17 63
17 26
1 14
12 11
81 55
93 41
115 51
116 51
76 66
18 63
77 66
19 63
20 63
2 31
17 103
3 31
21 63
4 31
22 63
37 66
77 79
22 100
33 41
117 51
94 41
82 55
98 2
95 41
78 79
108 30
96 41
97 41
18 103
3 106
89 74
76 101
13 11
14 11
74 94
94 91
75 94
38 87
20 74
76 96
0 12
81 20
78 11
79 11
77 96
80 11
18 26
39 87
21 14
40 87
8 77
14 95
77 101
5 23
1 12
22 109
71 88
4 106
36 59
78 66
19 103
69 64
95 91
22 14
90 74
91 74
79 79
70 64
71 64
79 66
80 79
80 66
61 78
23 100
106 104
92 74
82 20
83 20
4 86
28 36
84 20
81 106
72 100
76 94
81 66
86 45
82 106
96 28
73 100
29 36
97 28
85 20
109 30
34 41
86 20
59 52
60 52
81 11
87 45
82 66
23 14
24 14
35 41
25 14
26 14
82 39
82 11
83 11
93 26
98 28
36 41
6 23
15 95
27 14
55 0
26 38
15 28
72 88
21 48
41 87
21 74
35 68
56 0
76 8
57 0
22 74
78 96
77 8
20 103
10 64
7 23
72 64
100 68
88 45
9 77
5 106
89 45
115 35
81 79
78 82
79 82
10 77
37 41
80 82
81 17
82 17
38 41
2 1
78 8
3 1
77 94
83 17
23 74
84 17
16 51
85 17
64 0
73 88
21 103
19 26
74 88
90 45
87 20
84 11
99 28
86 17
99 2
88 20
109 50
91 45
100 28
46 60
101 28
92 45
89 20
4 1
19 33
5 1
6 1
7 1
90 20
87 17
24 74
79 96
107 104
74 100
75 100
83 106
108 104
111 76
76 100
77 100
112 76
84 106
78 100
79 100
80 100
75 6
23 16
47 60
24 16
6 106
5 108
94 26
93 45
39 41
31 71
92 34
94 45
48 60
93 74
95 45
96 45
94 74
7 106
80 96
81 82
81 96
16 95
17 95
18 95
83 66
82 96
37 49
38 49
20 26
83 96
74 108
82 79
73 64
84 96
38 22
19 95
81 100
42 87
74 4
8 23
20 95
91 20
85 11
75 4
11 77
22 48
83 55
66 41
40 41
12 77
78 94
114 62
115 62
44 91
98 41
74 64
61 52
84 55
75 64
96 91
62 52
68 38
63 52
64 52
65 52
66 52
86 11
36 68
41 41
76 4
24 45
43 87
44 87
85 96
86 96
99 41
77 4
45 87
37 59
116 35
85 55
52 17
102 28
84 49
2 12
79 94
42 37
79 8
100 2
79 98
76 85
95 74
87 96
109 101
88 96
82 82
31 81
32 81
80 98
77 85
78 85
84 71
79 85
113 76
80 85
97 91
28 58
26 73
98 91
99 91
62 78
78 101
25 45
46 87
3 12
75 88
100 91
114 76
80 8
53 17
54 56
23 109
22 103
35 52
17 51
54 17
18 51
14 35
5 31
6 31
7 31
0 0
55 29
1 0
56 29
2 0
3 0
57 29
58 29
0 30
4 0
1 30
2 30
3 30
5 0
6 0
7 0
8 0
9 0
10 0
37 68
57 79
33 81
15 35
24 100
34 81
25 16
13 4
42 41
86 55
84 66
81 85
82 85
82 62
26 45
83 85
101 68
84 85
17 6
47 87
24 109
39 49
4 30
36 52
96 58
97 58
16 28
25 74
78 4
48 87
27 38
65 0
66 0
67 0
9 2
9 23
45 91
49 60
68 0
11 114
69 0
70 0
71 0
72 0
97 45
117 35
55 56
56 56
57 56
98 45
38 66
21 95
85 71
101 2
102 2
5 73
12 112
10 23
4 12
23 103
107 102
27 73
85 85
108 102
26 74
27 74
86 85
98 88
21 65
25 109
28 14
37 52
79 101
55 17
5 86
56 17
16 35
3 90
18 6
23 79
19 6
57 17
86 71
32 71
14 4
25 100
35 81
13 77
27 45
88 17
28 74
69 61
6 73
0 63
99 45
81 8
103 2
1 63
15 4
7 73
69 38
89 17
102 68
110 50
92 20
83 79
85 49
93 20
94 20
83 82
67 52
103 68
68 52
69 52
87 85
67 41
87 55
70 52
86 49
84 79
103 28
87 11
73 32
95 20
100 45
60 15
74 32
36 81
11 23
71 52
101 45
110 101
14 77
81 98
4 115
23 7
75 108
59 108
70 110
64 111
69 114
95 110
76 108
38 68
24 7
33 71
23 114
53 15
25 7
7 38
26 7
34 71
27 7
28 7
54 15
30 36
43 41
29 7
108 5
26 100
30 7
24 114
31 7
25 114
8 38
32 7
45 11
9 38
10 38
33 7
96 110
97 110
70 114
34 7
71 110
26 114
35 7
71 114
36 7
11 38
37 7
109 5
110 5
35 71
55 35
38 52
22 95
29 74
22 65
39 52
40 52
46 91
23 95
39 68
41 52
37 81
28 38
26 109
24 103
95 26
29 14
98 58
30 14
109 104
38 7
39 7
40 7
116 62
41 7
42 7
12 23
65 43
93 34
66 43
67 43
43 7
12 38
110 104
49 87
28 45
88 112
72 110
72 114
2 5
73 114
40 49
13 38
44 7
45 7
111 104
25 103
98 110
99 110
44 41
27 109
74 114
89 112
75 114
26 16
45 41
46 7
76 114
47 7
27 114
77 114
73 110
48 7
29 45
97 109
98 109
49 7
50 7
51 7
52 7
99 109
100 109
53 7
96 74
24 95
67 109
40 68
68 109
101 109
54 7
55 7
27 16
58 17
17 35
50 87
42 52
99 58
28 109
50 60
51 87
38 59
6 108
56 35
115 76
8 31
20 33
55 15
21 33
112 104
41 49
22 33
93 114
9 31
11 40
12 40
113 104
114 104
115 104
14 38
30 45
97 103
34 5
94 114
95 114
96 114
46 41
60 108
61 108
13 23
42 0
31 14
13 40
32 14
26 103
77 108
78 108
37 65
43 0
30 74
68 43
96 26
41 68
28 73
97 26
87 71
94 34
42 68
31 45
62 108
79 108
6 86
78 114
15 38
0 18
25 95
1 18
15 77
3 5
47 91
97 74
117 62
20 6
48 91
51 113
58 56
88 71
7 108
89 71
8 108
2 18
29 109
52 113
53 113
49 91
16 4
101 91
36 71
56 15
30 109
17 4
8 106
27 100
18 4
10 31
31 109
19 4
57 35
83 62
39 66
88 85
111 50
58 79
80 94
88 55
84 82
76 64
43 52
77 64
37 71
26 95
23 48
38 81
14 23
31 36
85 66
31 74
78 64
89 55
13 112
44 52
85 79
79 64
80 64
86 66
9 3
10 3
85 0
86 0
47 41
27 103
90 17
82 8
104 28
96 20
32 45
98 74
28 100
83 8
84 8
97 20
83 39
87 49
98 20
98 26
105 28
106 28
99 26
95 34
100 26
59 36
76 6
77 6
104 2
78 6
88 11
105 2
85 8
79 6
80 6
99 20
81 6
84 39
14 112
89 11
51 60
82 6
106 2
79 4
52 60
85 39
73 0
53 60
107 2
70 38
88 49
33 45
54 60
48 41
86 8
80 4
87 8
88 8
108 71
10 2
70 61
29 100
74 0
83 6
39 81
55 60
81 4
108 2
75 0
11 2
107 28
8 1
21 26
40 81
30 100
15 23
82 100
24 48
52 87
16 77
97 107
16 23
32 74
32 36
85 82
76 88
86 82
87 82
69 43
88 82
17 77
70 43
77 88
41 81
27 95
11 64
72 52
73 52
28 95
87 66
49 41
74 52
104 68
7 86
105 68
12 2
29 73
13 2
43 37
89 8
22 26
29 58
50 41
14 2
42 81
15 2
16 2
43 81
31 100
102 45
100 20
0 80
108 28
101 20
103 45
23 63
102 20
61 15
90 11
43 68
62 15
29 95
103 20
0 57
34 45
63 15
53 87
86 79
56 60
91 17
72 24
71 38
1 57
64 15
65 15
66 15
82 4
87 79
91 11
44 81
25 48
40 66
17 23
28 16
81 64
104 20
105 20
109 28
24 63
110 28
111 28
92 11
106 20
107 20
108 20
25 63
92 17
86 39
112 28
113 28
29 16
109 20
93 11
88 79
89 79
106 68
12 64
18 77
18 23
68 41
88 66
82 98
90 71
116 76
14 40
81 94
78 88
91 71
59 63
28 103
59 72
100 41
51 41
9 108
75 52
83 36
90 55
104 45
101 41
102 41
91 55
92 55
71 43
72 43
103 41
84 62
102 91
35 45
19 23
54 87
19 77
20 23
93 55
112 50
104 41
105 41
113 50
1 80
100 58
114 43
115 43
96 34
17 28
73 24
26 48
52 41
46 11
23 26
30 95
105 45
55 87
32 100
23 22
87 0
109 0
11 3
88 0
89 0
110 0
90 0
12 3
13 3
45 52
33 100
93 17
94 17
95 17
67 15
94 11
68 15
96 17
69 15
90 79
8 86
101 58
116 43
117 43
102 58
59 44
103 58
60 44
61 44
62 44
33 36
89 37
36 45
97 17
98 17
24 26
89 49
95 11
117 76
85 62
31 95
114 28
110 20
83 4
107 68
99 74
89 66
90 66
91 66
89 82
85 106
89 85
92 66
100 74
90 82
101 74
91 79
89 96
91 82
93 66
102 74
32 95
63 44
64 44
34 100
56 87
57 87
33 95
59 77
37 45
58 87
34 95
35 95
36 95
46 52
42 49
94 99
20 77
2 57
54 113
32 109
55 113
33 74
19 51
13 64
43 49
4 90
5 90
3 57
14 21
10 108
45 81
47 52
48 52
49 52
4 57
50 52
21 77
3 18
18 35
4 18
23 33
5 18
24 33
0 88
11 31
51 52
6 90
52 52
6 18
12 31
53 52
76 0
54 52
14 64
13 31
8 73
1 88
92 82
90 37
39 59
104 58
105 58
106 58
34 74
92 79
103 74
108 68
93 82
90 96
93 79
107 58
37 95
25 26
38 45
108 58
106 45
20 4
87 39
84 4
34 36
26 26
111 20
0 101
30 58
17 2
21 4
60 72
107 45
70 15
71 15
108 45
50 91
84 6
33 14
21 23
51 91
85 4
22 23
23 23
86 4
109 2
110 2
90 8
91 8
92 8
87 4
72 38
88 4
96 11
103 91
61 72
38 65
41 66
91 96
111 101
82 94
71 61
24 23
112 20
42 66
53 41
94 66
54 41
43 66
44 66
76 52
95 66
83 94
45 66
84 94
85 94
77 52
97 34
104 91
79 88
101 26
99 17
39 45
94 82
82 64
96 66
102 26
104 74
15 112
94 79
95 82
105 91
96 82
97 82
88 39
25 23
98 82
94 55
109 68
109 58
83 64
26 23
92 96
40 45
93 96
80 101
46 66
47 66
48 66
30 73
105 74
95 79
95 55
41 45
1 101
97 66
83 98
20 51
98 103
9 86
21 51
12 114
77 0
13 114
9 106
27 23
29 103
35 36
57 60
93 8
115 28
36 36
109 45
111 2
97 11
73 38
94 8
90 49
98 34
100 17
91 49
99 34
78 52
106 41
96 79
98 66
22 77
79 52
110 45
116 28
46 81
74 38
96 55
55 41
62 72
34 14
57 15
75 32
111 45
47 81
89 39
35 74
5 12
110 68
94 96
48 81
49 81
44 68
45 68
50 81
46 68
47 68
22 4
23 4
85 6
86 6
18 28
116 104
117 104
99 82
30 103
28 23
14 3
15 3
16 3
56 41
17 3
6 12
7 12
100 34
112 45
58 60
103 26
74 24
75 24
76 24
90 85
91 85
98 11
89 4
109 71
36 74
15 64
104 26
111 68
29 23
109 102
10 106
92 85
112 68
113 68
80 52
81 52
97 55
57 41
52 91
58 41
99 11
95 8
2 63
3 63
96 8
16 112
78 0
42 45
90 39
4 63
29 38
9 73
79 0
107 41
2 101
30 23
9 113
112 2
80 0
14 114
87 6
2 88
11 106
23 77
27 26
27 48
48 68
7 18
8 18
55 52
33 109
24 77
37 74
19 28
21 6
81 101
44 49
34 109
25 33
5 57
56 52
9 18
26 33
22 6
23 6
10 18
57 52
11 18
45 49
24 6
25 6
27 33
58 52
35 14
112 101
0 53
1 53
6 57
15 21
12 18
13 18
53 91
11 65
14 31
7 90
24 79
54 91
19 35
2 53
14 18
15 18
16 18
28 33
29 33
17 18
114 50
2 80
108 41
3 88
38 71
24 4
25 4
93 85
95 96
100 82
101 82
114 68
102 82
97 79
100 11
96 96
101 17
113 20
28 26
35 109
11 108
22 51
8 90
25 77
36 109
26 77
56 113
37 109
8 12
38 109
3 53
39 109
40 109
41 109
42 109
4 53
12 108
43 109
5 53
6 53
30 33
7 53
8 53
10 86
27 77
44 109
9 53
18 18
39 71
49 68
0 61
97 8
113 2
26 4
98 8
114 2
99 8
30 38
51 81
28 77
86 94
110 102
77 24
78 24
40 71
105 26
106 26
47 11
107 26
76 32
79 24
38 95
49 66
48 11
29 77
103 82
115 68
110 58
104 82
111 58
43 45
116 68
29 26
97 96
44 45
117 68
105 82
20 28
98 96
106 82
80 88
87 94
31 23
55 91
0 42
72 15
73 15
80 24
113 45
74 15
112 58
16 64
102 17
75 15
103 17
100 8
104 17
31 103
113 58
94 85
59 69
4 88
9 12
107 82
60 69
98 55
50 68
99 55
108 82
56 91
57 91
77 32
86 62
114 45
108 26
10 12
12 106
52 81
99 96
31 73
95 85
36 14
92 49
90 4
96 85
32 23
11 12
98 79
88 94
114 20
91 4
97 85
61 69
98 85
99 85
99 79
62 69
100 85
13 108
101 85
102 85
103 85
104 85
56 7
57 7
58 7
6 5
0 8
1 61
1 8
2 8
3 8
4 8
5 8
6 8
7 8
8 8
107 111
9 8
10 8
111 111
11 8
1 42
16 38
15 40
37 14
38 14
2 42
58 15
53 81
12 8
100 110
28 114
79 114
40 115
90 112
101 110
80 114
65 111
91 112
13 8
14 8
17 38
16 40
30 16
18 38
17 40
5 30
19 38
51 68
15 8
16 8
17 8
75 38
7 5
29 114
30 114
92 112
41 115
93 112
81 114
94 112
42 115
20 38
0 39
18 8
74 110
60 110
1 39
14 116
75 110
15 116
95 112
96 112
97 112
61 110
2 39
115 45
3 39
19 8
20 8
82 114
59 115
31 114
21 8
32 114
52 68
60 115
4 39
22 8
23 8
24 8
25 8
26 8
102 109
27 8
69 109
70 109
37 36
0 16
38 36
102 110
59 101
18 115
71 109
72 109
73 109
93 108
28 8
74 109
18 40
61 115
103 110
116 45
104 110
5 39
33 114
53 68
62 115
63 115
66 111
64 115
65 115
15 31
19 40
28 48
98 112
99 112
66 115
29 8
1 16
2 16
30 8
31 8
105 110
5 115
6 39
34 114
32 8
33 8
106 110
67 115
68 115
34 8
7 39
35 8
31 16
39 36
8 39
20 40
3 42
9 39
69 115
16 116
100 112
67 111
68 111
93 111
101 112
63 72
36 8
37 8
19 18
38 8
59 105
33 23
23 51
11 86
39 8
40 8
41 8
42 8
43 8
44 8
45 8
46 8
35 5
36 5
111 5
49 11
112 5
10 39
11 39
47 8
35 114
107 110
8 5
32 16
17 116
18 116
19 116
102 112
103 112
20 116
21 116
104 112
105 112
106 112
19 115
107 112
108 112
20 115
21 115
109 112
22 116
110 112
113 5
16 31
17 31
10 53
11 53
20 18
21 18
18 31
100 96
31 33
12 53
73 43
99 103
100 79
64 72
2 61
54 68
65 72
76 15
96 36
65 106
65 44
32 103
91 37
92 37
33 103
34 103
40 36
13 106
59 46
3 61
92 4
12 86
114 58
17 112
41 36
24 22
14 106
35 103
66 44
115 20
115 58
101 79
58 91
3 101
55 68
56 68
57 68
30 26
21 28
5 88
97 36
58 68
0 69
102 31
84 98
116 58
66 106
102 79
4 42
5 42
6 42
77 15
117 58
45 45
46 45
81 24
47 45
78 15
79 15
105 17
103 31
115 2
80 15
104 31
113 101
60 63
59 102
59 33
1 69
60 33
61 33
62 33
82 24
63 33
105 31
81 15
109 26
106 31
83 24
36 103
37 103
0 92
1 100
4 61
48 45
116 20
60 36
4 101
34 23
93 4
5 101
7 42
117 20
12 12
29 48
25 22
101 11
94 4
58 0
59 21
106 91
107 91
106 74
108 91
66 72
8 42
5 61
60 77
109 91
6 61
81 88
91 39
18 2
92 39
27 4
82 15
107 31
108 31
109 31
37 5
110 31
38 5
60 105
83 15
84 15
1 92
84 24
110 30
111 30
45 109
112 30
49 45
113 30
85 15
39 95
40 95
41 95
42 95
3 80
4 80
54 81
55 81
56 81
31 58
5 80
57 81
6 80
2 69
3 69
50 66
42 36
7 80
8 80
81 0
58 81
43 95
82 0
39 22
7 61
98 36
86 15
2 92
103 79
106 14
93 39
107 14
41 71
105 85
106 85
109 82
3 92
60 21
4 69
5 69
6 69
22 18
20 35
23 18
21 35
117 28
93 49
60 46
30 48
116 2
9 1
102 11
107 74
61 46
46 109
38 103
110 26
106 17
103 11
111 26
104 11
107 17
112 26
101 34
113 26
108 17
109 17
110 17
114 26
39 103
62 46
111 17
112 17
76 38
113 17
114 30
115 30
59 29
116 30
111 31
117 30
50 45
89 94
0 82
33 16
26 63
12 65
19 31
1 82
10 113
2 82
34 16
3 82
46 49
47 49
6 30
4 82
48 49
7 69
82 52
5 82
82 88
100 55
90 94
108 74
44 95
83 88
84 88
94 49
25 79
47 109
13 12
60 102
61 102
62 102
63 102
35 23
64 102
82 101
18 112
17 64
6 82
32 58
19 112
20 112
31 38
7 82
8 82
42 71
18 64
114 17
39 65
9 82
10 82
105 11
72 61
73 61
43 71
101 8
33 58
60 29
101 55
59 1
85 24
50 11
102 8
39 14
67 72
43 36
44 71
95 49
102 34
45 71
11 82
31 26
13 53
14 53
9 90
30 77
4 92
15 53
7 57
10 90
11 90
12 90
35 16
38 74
32 33
16 53
31 77
17 53
33 33
18 53
24 18
19 64
19 53
20 53
85 88
21 53
39 74
26 79
27 79
22 53
34 33
23 53
14 108
12 82
20 31
45 95
24 53
21 31
20 64
5 92
28 4
13 90
14 90
48 109
6 88
25 53
16 21
21 64
83 101
110 91
85 98
49 109
86 98
34 6
35 6
6 92
15 106
50 109
94 39
7 92
7 88
8 88
51 45
13 86
36 6
37 6
46 95
32 73
14 86
40 14
51 109
16 106
9 42
41 14
25 18
8 92
10 42
47 95
36 23
15 86
15 90
17 106
18 106
52 109
16 86
111 91
96 49
26 53
8 57
35 33
86 88
36 33
27 53
28 53
17 21
36 16
87 88
26 18
45 6
27 18
4 5
2 100
112 91
48 95
28 18
51 66
13 82
18 21
52 66
6 101
14 12
37 23
53 66
11 0
7 101
7 30
8 30
9 30
10 30
11 30
12 30
12 0
40 103
24 51
37 33
38 33
39 33
29 53
40 33
11 113
22 31
29 18
30 53
22 35
53 109
19 21
22 64
41 33
54 109
31 53
23 31
24 31
32 53
30 18
25 31
26 31
27 31
28 31
42 33
43 33
29 31
33 53
30 31
20 21
44 33
31 31
34 53
32 31
45 33
23 35
24 35
35 53
21 21
65 102
32 77
55 109
16 90
56 109
31 18
95 39
19 106
9 88
96 39
57 109
33 31
22 21
9 57
36 53
23 21
55 21
24 21
10 57
8 101
34 31
35 31
36 31
32 18
37 53
37 31
58 35
46 33
25 35
38 31
39 31
40 31
33 18
34 18
41 31
38 53
35 18
25 21
26 35
42 31
47 33
36 18
48 33
15 12
49 33
26 21
27 21
16 12
5 63
8 69
13 0
13 30
14 30
15 30
16 30
17 30
14 0
15 0
18 30
16 0
19 30
17 0
18 0
19 0
20 30
20 0
21 30
22 30
23 30
21 0
50 33
51 33
43 31
52 33
37 18
25 51
48 8
49 95
115 17
110 71
95 4
106 11
8 61
117 2
61 77
44 36
61 29
33 77
19 2
34 58
14 82
20 2
23 64
3 113
38 23
15 108
84 36
50 95
74 43
52 45
22 28
10 88
51 95
68 72
52 95
44 31
17 90
18 90
49 49
38 18
58 109
50 49
34 77
0 110
57 113
1 110
17 12
35 77
2 110
3 110
3 16
115 50
107 11
103 8
108 11
61 21
69 72
87 15
63 46
77 38
63 108
41 103
111 71
78 38
88 15
86 24
89 15
88 6
79 38
104 79
102 55
59 89
64 46
9 92
65 46
16 108
62 29
103 55
84 64
109 41
104 55
110 41
105 55
75 43
85 36
62 77
111 41
9 101
83 52
66 46
39 53
39 18
40 53
40 18
41 53
53 33
41 18
19 90
10 92
40 74
15 82
20 90
11 88
42 14
11 92
36 77
16 82
18 12
12 92
13 92
42 18
53 95
24 64
28 79
43 18
14 92
63 69
99 66
105 79
95 99
109 74
106 79
110 74
84 52
111 74
32 38
96 99
97 99
110 82
100 66
10 73
76 43
107 79
85 64
54 95
55 95
112 41
29 4
26 6
42 53
4 110
44 18
45 18
43 53
27 6
0 36
59 59
23 28
91 94
60 59
61 59
15 92
45 31
16 92
12 88
44 53
46 18
45 53
46 53
24 30
20 106
47 18
48 18
49 18
50 18
51 18
52 18
46 31
53 18
54 33
55 33
11 57
54 18
43 14
55 18
37 77
5 110
47 53
48 53
56 33
49 53
47 31
28 21
17 92
13 88
14 88
101 96
18 92
29 21
50 53
42 103
17 86
15 88
57 33
21 90
58 33
56 18
30 21
28 6
62 59
64 69
106 55
111 82
107 85
108 85
65 69
41 74
109 85
64 33
10 101
103 34
90 15
67 46
104 34
9 61
54 66
87 24
91 15
88 24
62 21
74 61
9 69
65 33
44 14
38 77
10 69
113 91
109 11
108 14
45 14
56 95
39 23
66 33
96 4
104 8
105 8
97 4
115 23
57 95
110 85
18 86
55 66
116 50
11 101
67 33
19 92
17 82
102 96
30 4
106 8
107 8
33 38
20 92
108 79
112 74
63 78
113 74
42 74
58 95
35 58
32 26
51 53
64 78
21 92
97 49
97 39
12 101
19 86
63 29
98 49
33 26
46 71
108 8
0 96
68 46
98 39
110 11
99 39
109 8
33 73
69 46
116 17
43 74
46 6
21 40
45 36
110 8
111 8
63 59
117 17
59 18
60 18
61 18
18 82
62 18
111 0
70 46
26 22
91 0
112 8
18 3
63 18
34 73
113 8
63 21
115 26
114 8
116 26
69 41
70 41
115 8
64 29
71 41
116 8
46 36
92 15
31 48
64 21
117 8
64 18
57 18
93 15
44 74
67 44
103 96
24 28
86 64
25 28
109 79
53 45
64 59
68 44
69 44
70 44
65 59
87 64
71 44
72 44
66 59
67 59
68 59
73 44
89 24
74 44
75 44
69 59
70 59
11 69
93 37
94 37
11 42
34 26
25 64
1 96
112 0
92 0
27 22
93 0
65 18
66 18
67 18
60 1
59 3
61 1
34 38
62 1
35 38
43 103
39 1
15 114
16 114
98 4
71 46
31 4
90 24
60 3
99 4
12 42
40 1
41 1
42 1
43 1
44 1
45 1
46 1
21 2
11 73
36 38
6 63
37 38
12 73
39 77
13 73
38 38
7 63
111 11
13 65
112 11
72 46
65 21
75 61
22 92
21 112
91 24
40 23
19 82
2 96
26 51
8 63
68 33
68 18
112 82
101 66
63 1
113 41
85 52
94 15
65 29
117 26
61 36
66 21
67 21
47 36
10 61
69 18
73 46
47 71
70 72
40 22
20 82
71 72
76 61
2 14
11 61
100 4
35 26
89 6
58 18
40 77
41 77
66 102
110 79
26 64
113 82
42 77
114 41
111 85
112 71
112 85
66 69
111 102
67 69
92 94
102 66
113 85
68 69
114 85
115 85
116 23
23 92
113 11
116 85
41 23
114 11
117 85
68 21
45 74
69 69
69 21
19 12
86 52
59 86
46 74
32 48
12 57
49 8
75 109
12 69
76 109
94 108
77 109
13 101
69 111
33 48
22 40
23 40
4 16
12 39
103 109
50 8
95 108
54 45
51 8
43 115
111 112
112 112
70 111
44 115
71 111
113 112
61 63
0 19
72 111
37 16
73 111
23 116
45 115
74 111
59 112
52 8
92 24
48 36
53 8
54 8
64 108
80 108
20 86
65 108
24 40
66 108
114 5
21 86
90 6
115 5
5 16
13 39
38 16
55 8
55 45
13 42
56 8
14 39
6 16
115 41
117 50
42 23
116 41
47 74
101 4
103 66
114 82
60 86
104 66
115 82
111 79
112 79
116 82
115 11
14 42
70 21
70 18
99 49
49 36
117 41
13 69
59 42
59 51
60 42
61 42
60 51
22 86
24 92
72 41
6 110
7 110
8 110
20 12
51 49
9 110
10 110
52 53
53 53
11 110
12 110
43 77
23 65
0 34
48 31
27 51
49 31
44 103
3 96
28 51
71 59
60 89
43 23
95 37
72 72
22 112
112 31
44 23
88 64
98 99
50 36
107 55
54 53
114 74
61 89
108 55
46 14
1 34
50 31
117 82
48 74
70 69
62 63
63 77
100 39
40 65
113 79
105 66
87 52
71 69
22 2
23 2
24 2
72 69
25 2
106 66
62 89
26 2
27 2
21 82
22 90
45 103
46 103
27 64
74 46
39 16
22 82
23 82
66 29
116 11
75 46
71 21
72 21
73 21
74 21
76 46
75 21
4 96
117 11
76 21
59 12
105 34
63 89
27 63
23 86
15 42
45 23
102 4
21 12
60 12
64 77
61 86
64 89
114 91
93 94
46 23
24 86
94 94
34 48
24 116
109 55
65 77
56 45
101 39
16 88
51 36
36 26
91 6
92 6
24 82
107 66
57 45
77 43
89 64
21 106
110 55
5 96
16 42
104 96
59 83
111 55
6 96
88 52
73 69
73 72
60 83
47 23
61 83
72 59
73 59
37 26
17 88
105 96
115 91
44 77
106 96
47 14
45 77
19 3
93 24
12 61
77 46
69 33
70 33
78 46
100 49
14 69
18 88
94 24
59 27
95 24
96 24
97 24
98 24
99 24
71 18
60 27
13 61
61 27
15 69
25 82
16 69
7 96
49 74
98 107
99 107
61 105
100 107
101 107
102 107
103 107
104 107
20 3
21 3
17 42
62 110
62 27
32 4
22 12
38 26
18 42
15 39
57 8
36 114
19 42
58 8
70 115
0 9
37 114
22 115
38 114
108 110
40 16
39 114
71 115
16 39
1 9
62 105
28 64
72 115
2 9
40 114
73 115
63 110
3 9
109 110
17 39
110 110
4 9
5 9
20 42
18 39
19 39
74 115
25 116
114 112
46 115
115 112
116 5
117 5
105 6
39 5
106 6
40 5
41 5
107 6
62 86
99 99
63 86
64 86
23 12
65 86
66 86
74 69
112 102
75 69
114 79
58 45
76 69
74 72
75 72
19 88
14 101
48 14
26 116
27 116
116 112
28 116
23 115
75 111
29 116
76 111
117 112
59 113
30 116
31 116
47 115
44 0
45 0
6 9
7 9
8 9
9 9
10 9
11 9
63 63
20 39
48 71
12 9
49 71
21 39
13 9
51 31
52 49
53 49
1 19
55 53
2 34
3 34
27 35
4 34
79 46
65 89
47 1
22 106
20 88
8 96
66 89
39 26
17 69
48 1
49 1
61 3
48 23
9 96
107 96
23 90
59 9
116 91
72 18
108 96
117 91
10 96
15 101
50 74
11 96
59 92
87 98
95 94
109 96
76 72
67 29
21 42
67 89
68 29
102 39
12 96
103 39
35 73
46 77
47 77
24 12
61 12
40 26
83 100
101 49
63 105
86 106
77 21
78 21
87 106
69 29
80 46
29 51
88 106
84 100
108 66
47 103
51 74
115 79
79 21
90 64
80 21
89 106
90 106
22 42
31 21
91 64
91 106
64 105
29 64
85 100
54 49
86 100
52 74
23 106
87 100
92 106
115 74
93 106
53 74
70 29
62 12
68 89
60 92
69 89
23 42
61 92
116 79
77 72
117 79
109 66
13 110
65 78
110 66
41 26
102 49
78 72
28 2
16 101
77 61
62 36
63 12
24 42
81 46
17 101
2 19
104 39
25 12
66 78
82 46
63 27
64 27
106 34
24 106
40 59
116 74
107 34
14 61
15 61
93 6
0 46
83 46
16 61
25 106
108 34
109 34
84 46
63 36
26 106
48 103
25 42
64 36
85 46
65 27
66 27
67 86
68 86
1 46
69 86
26 12
86 46
62 83
63 83
67 78
70 86
88 100
26 42
117 74
62 92
112 55
92 64
93 64
94 64
113 55
111 66
110 96
114 55
115 55
59 80
112 66
100 99
60 80
95 64
77 69
61 80
68 78
49 23
79 72
96 64
21 88
25 40
97 64
113 66
114 66
98 64
25 92
99 64
17 108
70 89
56 66
26 82
13 96
14 96
15 96
16 96
17 96
81 21
50 23
64 12
82 21
59 31
2 46
83 21
65 12
59 75
27 12
103 49
105 39
66 12
84 21
85 21
55 49
78 61
94 6
95 6
51 23
22 88
86 21
71 29
30 51
54 74
67 27
52 23
71 89
18 101
13 57
3 19
56 53
57 53
5 34
31 51
14 110
23 88
27 82
49 14
18 96
18 108
72 89
26 92
18 69
24 88
58 53
32 51
14 57
52 31
6 34
7 34
0 54
1 54
53 31
41 16
27 92
24 90
55 74
25 88
2 54
3 54
28 12
19 108
4 54
25 86
15 57
16 57
28 92
64 1
53 23
14 9
19 69
65 1
73 89
3 46
74 59
87 46
48 77
26 88
17 61
93 107
63 92
26 28
20 69
99 36
62 80
100 103
27 28
26 86
94 107
60 107
19 101
69 78
50 14
63 80
35 48
101 103
102 103
67 106
68 106
103 103
97 108
104 103
105 103
106 103
107 103
108 103
109 103
27 88
98 108
69 106
110 103
111 103
112 103
113 103
61 107
111 96
12 113
21 69
114 103
42 26
60 75
87 21
17 57
29 92
5 54
6 54
28 35
7 54
8 54
18 57
9 54
10 54
15 110
84 101
13 113
60 31
61 31
62 31
63 31
64 31
113 31
65 31
66 31
67 31
65 105
115 66
96 94
88 98
27 86
36 48
49 77
72 29
56 74
60 9
103 4
73 18
57 74
104 49
74 18
88 21
73 41
89 21
61 9
73 29
74 41
10 1
68 27
11 1
74 29
75 18
12 1
13 1
14 1
88 46
90 21
76 18
69 27
49 103
15 1
62 9
77 18
89 46
27 42
78 18
74 89
79 18
90 46
91 46
92 46
91 21
75 89
26 40
80 18
112 96
18 61
64 92
33 4
27 106
42 16
28 106
37 48
19 96
50 103
50 77
78 69
23 112
79 69
65 92
87 62
105 49
80 69
28 82
58 74
81 69
36 73
54 23
51 103
20 96
21 96
82 69
30 64
113 96
62 42
63 42
64 42
65 42
116 55
66 42
20 101
66 77
67 42
117 55
68 42
59 56
67 12
89 52
90 52
70 78
69 42
92 21
78 43
62 3
106 39
107 39
68 12
71 33
79 61
93 46
63 9
64 80
91 52
21 101
30 92
71 78
97 94
31 92
92 52
83 69
63 3
76 89
4 46
89 98
22 96
0 75
9 80
77 89
23 96
66 92
67 92
68 92
69 92
43 26
86 36
70 92
1 75
10 80
11 80
65 36
25 90
20 108
29 12
29 79
98 94
30 79
29 82
32 92
67 102
36 58
55 23
61 75
2 75
114 96
33 92
52 103
115 96
27 40
64 9
64 3
60 56
94 46
56 23
51 77
65 9
65 80
44 37
71 92
108 39
34 92
45 37
54 31
28 63
29 63
55 31
72 92
73 92
93 52
106 49
37 73
66 80
61 56
94 106
30 63
88 62
94 52
95 52
62 56
66 36
100 64
52 36
96 52
72 78
29 2
89 62
61 51
56 49
35 92
43 16
57 49
81 108
116 96
117 96
113 102
3 75
30 12
90 62
28 42
81 18
72 33
66 9
80 38
39 38
53 36
95 46
81 38
80 61
24 112
38 48
29 106
57 23
62 51
67 77
66 1
78 89
104 4
74 92
75 92
29 42
28 88
19 61
4 75
105 4
100 24
65 3
66 3
64 83
73 33
67 9
96 46
65 83
66 83
67 83
30 82
71 86
99 94
63 56
72 86
85 101
100 94
68 83
101 94
29 88
30 42
76 92
36 92
77 92
59 97
16 110
60 97
64 56
91 62
37 92
80 72
81 72
82 72
11 54
62 75
63 75
26 90
61 97
97 52
31 42
69 83
101 99
105 107
53 103
50 71
66 105
58 23
67 105
68 105
102 99
65 56
30 88
5 46
34 4
12 80
13 80
96 37
54 103
97 37
17 110
102 94
24 96
33 51
64 63
38 92
75 29
107 49
25 96
68 9
26 96
73 86
103 94
67 80
76 29
28 28
116 100
27 96
93 21
28 96
29 96
30 96
35 4
31 82
95 15
14 80
55 103
98 37
96 15
28 22
32 82
101 24
97 15
36 4
37 4
6 46
79 43
83 72
32 42
68 77
89 100
102 24
114 31
74 33
39 92
75 33
76 33
84 69
103 24
77 33
29 28
98 15
30 28
79 89
94 21
98 52
57 66
58 66
52 77
67 3
69 12
66 56
101 64
31 88
67 56
68 56
99 52
100 52
70 83
68 80
69 80
31 28
104 24
25 112
44 16
99 15
100 15
41 65
96 6
22 69
101 15
115 31
97 46
26 112
32 28
27 112
69 77
23 69
116 31
24 69
25 69
117 31
7 46
41 59
0 24
26 69
42 59
43 59
44 59
27 69
45 59
28 69
29 69
104 94
30 69
46 59
31 69
47 59
32 69
31 79
51 14
69 105
78 92
28 86
37 58
48 59
49 59
56 103
50 59
80 89
15 80
51 71
6 115
15 9
65 63
22 101
75 59
98 46
68 3
0 67
106 4
100 36
42 5
102 15
99 37
101 36
66 63
100 37
76 44
77 44
101 37
102 37
97 6
102 36
40 92
16 80
1 67
42 65
1 24
8 46
2 67
27 90
3 67
30 106
4 67
5 67
6 67
16 9
7 67
43 65
8 67
70 12
31 106
44 65
39 48
32 106
45 65
46 65
9 67
47 65
18 110
33 28
44 26
60 101
33 82
81 89
52 14
34 28
34 82
35 28
53 14
36 28
37 28
61 101
54 14
5 75
38 28
39 28
67 36
54 36
103 15
62 101
95 21
82 89
77 29
81 61
104 15
105 24
33 106
106 24
78 33
107 24
108 24
109 24
20 61
96 21
70 27
110 24
111 24
112 24
108 49
97 21
105 94
113 24
71 12
33 42
34 42
32 88
33 69
98 21
35 42
105 15
41 114
72 12
71 27
110 34
109 39
68 31
114 24
72 27
57 103
36 42
79 33
73 27
106 15
82 61
64 75
83 61
84 72
12 54
65 75
84 61
66 75
67 75
85 72
68 75
37 42
33 88
29 86
13 54
34 88
41 92
34 69
70 106
115 103
45 26
79 92
71 106
116 103
117 103
46 26
23 101
9 46
59 104
10 46
69 75
42 92
70 77
80 92
38 6
58 103
17 49
58 49
39 6
28 90
8 34
32 79
60 112
21 61
85 61
110 39
99 46
73 12
94 0
30 2
2 73
115 24
100 46
107 15
63 51
43 5
31 64
44 5
85 69
78 32
103 37
86 69
116 24
19 110
69 31
103 36
31 96
32 64
108 15
20 110
31 12
101 46
82 38
38 42
11 46
6 75
76 59
24 101
30 86
81 92
109 15
25 101
79 32
110 15
102 46
51 11
35 82
36 82
37 82
17 80
32 96
38 82
43 92
39 82
40 82
33 96
41 82
42 82
34 96
33 64
0 104
43 82
44 82
67 1
86 72
77 59
78 59
70 80
71 80
12 46
78 44
35 69
80 33
81 33
34 106
28 40
33 79
31 86
53 77
109 14
104 37
75 41
26 101
44 92
87 69
86 61
27 101
72 80
62 97
7 75
35 88
22 61
71 83
110 14
2 24
109 49
35 96
36 96
74 86
72 83
88 69
90 98
87 72
106 107
1 104
60 104
13 46
88 72
39 42
89 69
79 59
103 46
71 77
67 63
55 36
47 26
82 33
83 33
80 59
81 59
82 59
79 44
105 37
103 99
104 36
70 75
105 36
73 83
80 44
106 36
80 32
104 46
107 36
40 42
108 36
109 36
82 92
84 33
8 75
45 82
111 34
85 33
23 61
104 109
17 9
18 9
105 109
45 16
78 109
106 109
19 9
54 77
79 109
107 109
7 16
34 51
36 88
45 92
37 88
89 72
32 86
35 106
14 54
29 90
55 77
34 79
21 110
22 110
35 79
23 110
40 38
15 54
16 54
17 54
18 54
28 112
3 24
36 79
56 77
37 79
19 54
18 49
24 110
9 34
0 50
10 34
56 31
19 57
20 54
4 19
20 57
21 54
1 36
117 24
57 31
5 19
35 51
6 19
11 34
80 109
68 63
69 63
41 42
70 63
22 54
0 6
38 79
23 54
1 6
2 6
29 35
25 110
72 77
58 31
106 94
24 54
32 21
107 94
37 96
7 19
8 19
47 6
33 21
0 32
46 92
34 21
90 72
35 21
21 57
36 21
48 6
37 21
30 90
26 110
1 50
38 88
36 106
73 78
42 42
69 9
71 75
25 54
43 42
70 9
82 18
69 3
83 18
4 24
112 34
71 9
28 101
113 34
26 54
110 49
74 83
111 49
68 36
75 86
74 78
52 71
52 11
75 83
38 96
57 77
83 92
9 19
29 112
91 72
10 67
92 72
11 67
27 54
93 72
91 98
76 83
94 72
46 82
58 77
92 98
0 78
101 52
47 82
38 58
105 46
95 72
48 82
29 101
96 72
49 82
39 88
74 12
48 65
53 71
54 71
38 73
50 82
14 46
72 9
55 71
73 9
56 71
57 71
58 71
27 110
47 92
99 21
34 64
28 110
10 19
46 16
51 82
1 78
31 63
47 16
39 58
0 73
40 48
39 96
40 58
80 43
52 82
0 72
81 43
11 19
111 39
76 86
84 18
104 99
106 46
1 72
77 86
108 94
78 29
112 39
100 21
101 21
102 21
48 92
48 16
41 58
5 24
36 69
37 69
38 69
2 50
53 82
39 69
40 69
14 113
98 6
54 82
3 50
55 82
92 62
81 109
116 66
56 82
87 61
84 92
6 24
39 79
103 21
57 82
69 56
2 78
86 101
83 89
7 24
2 72
58 82
0 83
8 24
3 78
3 72
1 83
90 69
70 56
40 96
53 11
4 72
88 61
12 67
2 83
41 96
74 9
42 96
2 104
3 83
41 22
74 27
4 83
97 72
79 29
98 72
99 72
113 39
5 83
24 61
49 65
42 58
64 51
32 12
42 22
9 24
78 86
105 99
79 86
114 102
106 99
80 86
109 94
15 46
71 56
72 56
1 32
5 72
43 96
28 54
6 72
44 42
4 78
9 75
29 110
100 72
101 72
44 96
89 61
7 72
86 33
5 78
112 49
3 100
107 46
25 61
75 12
30 101
104 21
76 12
56 36
35 64
31 2
45 42
80 29
26 61
57 36
77 12
78 12
55 14
46 42
75 9
30 112
6 83
111 15
6 78
7 83
8 72
3 104
45 96
102 72
46 96
47 96
48 96
8 83
9 83
49 96
50 96
51 96
103 72
107 4
79 12
84 89
10 75
80 12
90 61
105 21
13 67
18 80
11 75
58 36
12 19
32 63
43 58
81 29
85 18
99 6
82 29
85 89
68 1
65 51
49 16
69 1
70 3
70 1
100 6
27 61
38 4
108 46
83 29
101 6
52 96
86 18
87 18
39 73
53 96
54 96
55 96
56 96
57 96
88 18
76 9
31 101
89 18
113 49
49 92
75 27
33 12
59 25
77 9
41 48
51 59
81 12
40 88
82 12
102 64
86 89
12 75
103 64
56 14
84 29
40 73
114 39
47 42
58 96
30 110
16 46
10 24
87 33
17 46
0 97
108 4
1 97
34 12
104 72
9 72
4 50
105 72
35 12
36 12
91 61
40 28
109 46
5 50
4 104
37 106
6 50
110 46
87 89
102 52
103 52
104 52
91 69
48 42
7 78
90 18
105 52
73 77
83 59
106 52
73 56
74 56
102 6
71 1
50 92
5 104
75 56
91 18
117 66
103 6
72 1
92 18
88 33
28 61
63 97
64 97
87 101
88 101
51 92
11 24
13 75
19 80
38 106
106 72
107 72
6 104
22 57
69 36
115 39
23 57
18 46
48 26
41 69
93 18
10 83
52 92
53 92
106 21
44 58
12 24
11 83
45 58
46 58
72 75
107 52
31 112
76 56
85 29
71 63
77 56
78 56
77 83
49 26
70 42
22 3
41 38
42 38
23 3
24 3
52 59
2 97
46 37
13 24
73 1
74 1
49 42
76 27
111 46
39 106
29 61
104 64
92 69
112 46
77 27
7 104
66 51
75 78
30 61
74 77
73 80
8 104
79 56
107 21
67 51
80 56
59 67
81 56
82 56
83 56
84 56
85 56
86 56
87 56
88 56
13 19
93 69
94 69
81 86
75 77
108 52
109 52
84 59
14 75
60 67
8 78
50 42
43 38
44 38
47 37
99 88
83 12
29 54
100 88
50 26
101 88
12 83
0 37
3 97
102 88
103 88
51 26
108 21
105 64
89 56
78 27
41 88
42 69
32 101
43 69
44 69
45 69
9 104
20 80
46 69
81 32
92 61
73 75
108 72
85 92
86 92
72 106
74 75
75 75
76 75
109 72
77 75
60 25
110 36
111 36
112 36
113 36
114 36
82 32
96 108
4 97
5 97
70 105
57 14
22 39
20 9
29 40
1 37
7 115
23 39
42 114
75 115
111 110
24 39
21 9
22 9
25 39
23 9
76 115
112 110
24 9
77 115
2 37
25 9
26 9
26 39
43 114
113 110
27 39
28 39
30 40
9 5
44 114
27 9
114 110
45 114
78 9
8 16
9 16
3 37
28 9
4 37
29 9
78 115
77 111
30 9
51 42
71 105
72 105
14 24
60 113
24 115
97 114
76 110
25 115
61 113
79 115
32 116
33 116
34 116
62 113
63 113
64 113
35 116
65 113
31 40
58 14
98 114
112 111
99 114
113 111
100 114
26 115
80 115
66 113
78 111
27 115
36 116
67 113
77 110
48 115
28 115
68 113
37 116
73 105
74 105
75 105
76 105
77 105
78 105
9 58
47 58
46 0
30 54
69 113
81 115
15 24
78 110
70 113
38 116
71 113
72 113
10 16
82 115
73 113
31 9
32 9
113 46
33 9
34 9
35 9
36 9
37 9
38 9
39 9
40 9
30 35
25 30
26 30
27 30
22 0
28 30
23 0
24 0
29 30
30 30
31 30
25 0
32 30
26 0
33 30
27 0
28 0
50 65
19 46
33 86
86 29
6 97
47 69
13 83
21 80
48 69
14 83
14 67
31 54
36 51
50 16
24 57
32 54
31 90
54 92
32 90
33 90
33 54
34 90
25 57
33 101
41 73
24 65
7 97
14 19
15 19
16 19
17 19
2 32
34 54
21 108
35 54
12 34
31 35
49 69
28 65
22 80
26 57
37 51
84 12
19 49
87 92
110 94
31 110
32 110
34 86
33 110
7 50
34 30
18 19
111 94
20 49
78 75
8 97
16 24
8 50
34 101
19 19
23 80
22 108
3 32
52 26
35 86
68 102
35 90
83 115
3 14
41 9
84 115
42 9
115 110
85 115
64 110
94 111
43 9
86 115
74 113
44 9
46 114
29 39
51 16
52 16
114 46
53 16
15 83
75 113
76 113
87 115
77 113
88 115
29 115
79 111
80 111
89 115
78 113
32 40
90 115
16 83
0 15
91 115
79 110
49 115
39 116
92 115
30 115
81 111
30 39
34 110
47 114
45 9
46 9
31 39
33 40
4 32
17 24
35 101
34 40
79 113
95 111
80 113
81 113
50 115
40 116
31 115
82 113
83 113
84 113
38 51
79 9
51 115
85 113
41 116
47 9
48 9
31 61
49 9
115 46
50 9
1 15
45 5
46 5
86 113
42 116
32 115
52 115
87 113
88 113
43 116
80 110
44 116
82 111
89 113
35 40
61 25
108 6
47 5
109 6
48 5
2 15
78 83
20 46
79 83
95 69
42 73
87 29
43 22
88 29
96 69
9 97
53 26
97 69
98 69
99 69
116 46
15 75
82 86
17 83
55 92
21 46
80 83
88 89
61 67
69 102
88 92
37 12
23 108
16 75
43 73
65 97
115 102
38 12
39 12
112 94
89 89
90 89
56 92
76 78
36 101
89 92
16 1
32 2
9 50
48 58
42 48
116 102
66 97
10 97
10 104
117 102
10 50
22 46
68 51
59 103
23 46
11 104
60 103
109 4
110 4
24 46
71 3
15 113
116 39
83 38
72 3
9 78
54 26
53 59
73 3
77 78
74 3
91 89
117 39
59 40
10 78
12 104
60 40
33 2
37 101
34 2
80 9
76 77
50 69
78 78
17 1
18 83
90 92
85 12
100 69
91 92
93 98
70 102
113 94
39 51
94 98
19 83
90 56
83 86
95 98
114 94
11 50
25 46
55 26
13 104
110 72
14 104
111 72
112 72
111 4
61 103
91 56
15 104
26 46
106 64
40 12
17 75
24 108
67 97
38 101
52 42
112 4
75 1
87 36
113 4
76 1
77 1
71 42
92 56
39 101
18 75
32 112
74 80
92 92
11 97
81 83
109 21
61 40
40 101
93 56
33 63
56 26
53 42
54 42
72 63
18 24
12 97
82 43
83 43
94 56
72 42
73 42
13 97
114 49
95 56
74 42
25 108
75 42
35 110
76 42
117 46
107 64
79 78
27 46
110 52
92 89
93 92
20 83
94 92
93 89
49 58
11 78
33 112
93 62
113 72
68 97
79 75
114 72
115 72
96 98
14 97
24 80
36 86
69 97
111 52
112 52
97 98
69 51
28 46
98 98
19 24
41 101
57 26
84 86
51 65
99 98
85 86
15 67
86 86
87 86
101 69
80 75
16 104
70 31
20 24
81 75
82 75
62 40
25 80
62 25
93 61
90 100
116 72
117 72
91 100
102 69
89 33
41 28
90 33
15 97
108 109
26 80
91 33
63 101
29 46
94 89
95 89
75 80
96 89
97 89
12 50
13 50
3 15
42 101
94 61
27 57
30 46
43 101
41 12
81 9
21 83
13 34
44 73
5 37
16 97
114 4
22 83
84 43
82 83
37 86
88 86
17 97
18 97
94 18
19 97
95 18
59 47
79 27
78 1
80 27
44 101
17 104
32 61
96 18
92 33
97 18
36 54
20 97
89 86
60 47
113 52
31 46
115 4
59 73
110 21
23 83
77 42
115 49
12 78
117 100
83 83
114 101
21 97
19 75
22 97
70 97
104 6
44 22
0 113
55 42
81 27
82 27
32 46
61 47
63 25
112 15
79 1
64 25
86 12
51 69
38 86
103 69
65 25
90 86
87 12
95 92
42 28
23 97
98 89
24 83
43 28
44 28
45 28
89 29
40 106
25 83
46 28
36 110
47 28
33 61
99 89
100 89
41 106
26 83
48 28
62 103
62 47
114 34
115 34
93 33
84 38
83 75
66 25
60 73
84 75
85 75
20 75
45 101
49 28
24 97
67 25
95 61
89 101
115 94
100 98
101 98
42 12
18 104
84 83
46 101
101 89
80 78
116 94
102 89
116 49
116 4
117 94
42 88
21 24
6 37
85 38
111 21
98 18
47 101
82 9
75 3
57 92
16 67
17 67
43 12
86 75
103 89
104 89
40 79
108 64
44 12
63 40
21 75
14 65
71 102
27 80
72 102
102 98
22 75
73 102
19 104
43 88
74 102
94 33
45 38
116 34
105 89
117 34
70 51
99 18
80 1
34 61
29 6
59 95
71 51
59 7
100 18
81 1
82 1
83 1
84 1
85 1
86 1
83 9
84 9
87 1
76 3
88 1
89 1
90 1
91 1
92 1
35 2
58 92
96 92
109 64
25 97
112 21
77 3
26 97
96 56
78 42
0 93
58 26
52 69
114 52
81 78
48 101
117 4
39 86
1 93
115 52
25 3
82 78
28 80
26 3
20 104
48 37
104 88
46 38
39 4
47 38
27 3
48 38
105 88
97 92
49 101
106 88
41 79
56 42
107 88
108 88
57 42
88 12
109 88
110 64
61 73
89 12
110 88
50 101
54 16
33 46
45 12
63 47
35 61
44 88
85 83
36 61
64 47
86 83
71 97
87 83
10 72
116 52
88 83
104 69
103 98
105 69
111 64
27 83
46 12
97 56
98 56
99 56
62 67
42 79
63 67
117 52
100 56
101 56
71 31
2 93
112 64
64 67
102 56
103 56
104 56
59 53
58 42
89 83
60 53
105 56
61 53
62 53
90 83
106 56
91 83
21 104
106 69
65 67
72 51
45 88
83 78
107 56
66 67
92 83
59 35
83 27
84 27
93 83
76 80
27 97
72 97
53 69
37 61
40 86
60 35
34 46
38 61
39 61
40 61
41 61
42 61
51 101
22 104
42 106
65 47
66 47
43 61
61 35
67 47
73 63
113 64
79 42
60 7
85 27
93 1
94 1
54 59
95 1
44 61
68 47
69 47
45 61
13 78
94 83
95 83
63 53
77 77
64 53
65 53
66 53
67 53
68 53
96 83
70 47
36 40
61 7
78 77
22 24
62 7
96 1
0 43
97 1
62 35
63 7
23 75
98 1
20 19
62 73
16 113
99 1
113 15
35 46
69 53
85 9
28 97
107 69
97 83
86 27
78 3
23 104
63 35
86 9
117 49
79 3
46 61
87 9
29 97
43 48
87 75
25 113
106 89
30 97
63 73
83 32
64 73
114 15
115 36
115 15
84 32
116 36
117 36
36 46
24 104
54 69
31 97
55 69
59 37
88 75
67 67
55 59
95 106
52 101
64 40
70 36
53 101
37 46
113 21
96 106
0 27
1 43
25 104
77 80
90 29
114 64
74 63
4 15
38 46
54 101
64 35
80 3
91 29
114 21
2 43
40 51
98 83
115 21
64 7
92 29
47 61
88 9
116 21
7 37
36 2
40 4
50 1
37 2
90 12
55 101
51 1
117 21
49 38
52 1
53 1
23 24
54 1
28 83
46 88
89 75
81 3
98 92
99 83
65 40
41 4
24 24
14 78
32 97
73 97
47 12
99 92
91 12
48 61
92 12
48 12
100 92
50 28
90 75
44 48
36 64
100 83
79 105
68 67
79 77
97 106
80 105
92 100
98 106
93 100
94 100
95 100
96 100
97 100
81 105
98 100
99 106
99 100
107 99
59 22
101 18
80 77
87 27
60 22
61 22
93 12
62 22
63 22
65 7
71 47
85 32
94 12
33 97
41 86
66 40
93 29
59 5
3 93
94 29
72 47
38 2
67 40
95 29
96 61
65 35
72 31
86 32
73 31
74 31
75 31
64 22
81 77
76 31
96 29
73 47
97 29
88 27
102 18
76 41
95 12
103 18
3 43
18 1
19 1
4 43
100 1
65 22
68 40
75 63
74 47
104 18
105 18
96 12
20 1
21 1
106 18
68 25
43 106
107 89
116 15
5 15
108 89
34 97
98 29
45 73
107 18
77 41
49 61
108 56
70 53
71 53
51 28
73 51
89 9
72 53
73 53
109 56
86 38
24 75
60 95
49 12
4 93
5 93
50 12
26 113
27 113
28 113
6 93
35 97
36 97
37 97
46 73
38 97
97 12
78 80
37 110
79 80
74 97
109 89
7 93
101 83
101 92
110 89
75 97
111 89
112 89
76 97
39 97
115 64
116 64
69 67
61 95
117 64
110 56
70 67
71 67
59 65
72 67
84 78
49 37
80 80
76 63
5 43
102 92
6 43
100 106
44 106
66 22
99 29
100 100
69 40
67 22
85 78
37 40
68 22
56 101
14 34
55 16
9 63
38 21
32 35
18 67
19 67
56 69
57 69
5 32
6 32
41 51
74 51
42 51
15 34
25 24
82 77
56 59
69 22
89 27
108 18
26 24
98 12
109 18
99 12
100 12
22 1
23 1
101 12
24 1
25 1
57 101
56 16
40 97
57 16
58 16
41 97
15 65
58 69
29 83
17 113
0 17
18 113
26 104
30 83
14 50
47 88
29 80
0 70
50 38
90 9
75 47
47 73
25 65
82 3
1 27
25 75
26 1
91 75
7 43
31 83
110 18
51 12
66 35
76 47
111 18
70 22
90 27
8 43
27 104
112 18
28 104
70 40
77 47
74 53
95 33
90 113
32 83
91 27
91 9
81 80
102 12
69 25
71 40
50 58
1 70
51 58
92 9
33 83
30 80
52 65
31 80
29 113
11 72
52 58
92 75
34 83
12 72
13 72
45 48
37 54
27 1
57 59
37 64
103 12
35 83
15 78
113 18
16 78
8 93
104 12
36 83
9 43
52 12
108 69
17 78
102 83
62 95
75 53
63 95
91 86
82 80
38 40
37 83
76 53
18 78
43 79
63 103
42 97
65 73
53 12
14 72
38 64
43 97
77 63
93 75
44 97
66 73
19 78
2 27
114 18
96 33
83 77
78 47
27 24
97 61
50 61
71 22
3 27
58 101
39 2
40 2
41 2
15 72
64 95
26 75
42 2
38 83
39 46
27 75
54 12
39 64
28 24
105 12
67 73
45 97
72 40
93 9
79 47
10 43
51 38
21 19
1 17
39 83
20 78
53 58
1 73
15 50
20 67
19 113
20 113
106 12
64 101
2 70
28 75
73 67
111 56
109 69
80 42
77 53
85 59
74 67
75 67
22 19
86 78
11 43
72 22
110 69
111 69
103 83
0 102
46 48
73 22
76 67
74 22
100 29
104 83
46 97
94 9
29 24
115 18
67 35
92 27
93 27
28 3
29 3
30 24
111 88
30 3
1 102
48 88
3 70
42 4
113 71
112 88
31 3
75 51
83 80
104 98
77 67
4 27
12 43
29 75
38 110
95 9
101 1
80 47
102 1
2 102
47 48
36 90
13 43
84 80
116 18
105 83
3 102
75 22
4 102
29 104
117 18
68 35
51 61
66 7
112 69
113 69
87 78
21 78
78 67
30 104
114 69
78 53
103 1
40 46
40 64
32 80
103 92
96 9
67 7
97 33
76 22
98 33
97 9
68 7
31 24
59 50
104 1
105 1
41 46
101 100
5 27
101 106
60 65
16 50
102 100
30 75
84 77
103 100
102 106
103 106
104 100
77 22
105 100
14 43
104 106
107 12
78 22
101 29
75 102
78 63
5 102
106 1
69 7
107 1
108 1
52 61
109 1
110 1
42 86
41 64
73 40
108 99
109 99
105 106
69 35
104 92
102 29
106 100
47 97
79 67
79 22
6 27
59 19
53 61
43 86
2 17
44 86
54 61
70 35
55 61
71 35
56 61
72 35
73 35
81 47
57 61
42 46
45 106
82 47
83 47
84 47
94 27
76 51
46 106
43 46
48 97
4 70
6 102
6 15
115 69
103 29
106 83
92 86
85 80
55 12
85 47
49 88
107 83
108 83
109 83
110 83
93 86
111 83
56 12
94 86
106 106
86 47
87 47
7 15
111 1
88 47
89 47
60 50
90 47
112 56
94 75
61 65
113 56
57 12
114 56
115 56
116 56
117 56
59 57
5 70
60 57
61 57
16 72
44 46
22 78
30 113
117 15
17 72
31 113
43 4
52 38
106 37
58 59
81 44
74 40
95 75
86 59
87 38
116 69
44 4
59 16
60 16
70 7
45 4
45 46
61 16
62 16
45 22
79 53
32 24
107 107
112 83
108 107
86 80
113 83
110 99
58 61
82 105
108 12
83 105
109 107
88 38
82 44
6 70
46 46
46 4
60 5
8 37
33 80
83 44
46 22
95 27
63 16
71 7
96 27
0 62
15 43
1 62
68 73
16 43
61 104
69 73
96 75
98 61
23 19
80 53
81 53
65 95
113 88
117 69
70 25
75 40
40 83
98 9
7 27
9 93
80 22
37 90
17 43
18 43
49 97
114 83
115 101
116 101
82 109
95 86
47 46
47 106
41 83
24 19
34 80
42 83
35 80
50 97
36 80
37 80
52 29
61 5
43 83
44 83
7 70
48 46
45 83
8 70
23 78
9 70
112 1
113 1
10 70
21 67
54 58
111 14
8 27
42 64
96 86
31 75
66 95
49 46
87 80
115 83
33 24
51 97
52 97
53 97
2 62
54 97
55 97
52 28
91 47
60 19
92 47
71 25
72 25
53 28
56 97
61 19
62 19
57 97
97 27
19 43
84 44
79 63
32 75
99 33
100 33
85 43
73 25
116 83
88 80
3 62
54 28
55 28
101 33
80 67
93 47
62 57
82 53
104 29
86 43
9 27
58 12
7 102
83 3
8 102
83 53
84 53
32 3
0 60
53 38
50 37
87 59
76 102
102 33
74 35
103 33
104 33
105 33
33 75
20 43
85 77
106 33
88 59
64 16
65 16
109 12
4 62
94 47
74 25
81 22
34 75
25 19
8 15
9 102
43 64
5 62
6 62
87 32
66 16
51 9
48 48
88 32
49 5
50 5
22 67
75 25
76 25
77 25
78 25
67 16
68 16
89 32
90 32
69 16
70 16
48 73
50 88
39 110
79 25
107 37
71 16
97 75
48 106
7 62
60 37
9 37
98 75
38 54
8 62
95 47
51 88
53 65
31 104
77 102
107 33
80 63
10 93
85 44
113 89
46 83
47 83
32 104
72 16
72 7
85 53
108 33
33 104
76 40
96 47
47 22
0 13
105 92
34 104
52 88
106 92
53 88
17 50
18 50
99 75
11 93
61 50
21 43
34 24
1 13
63 19
82 22
49 106
11 70
23 67
75 35
9 62
43 2
18 72
89 80
81 42
22 43
12 70
56 28
9 15
65 101
57 28
114 89
50 106
10 62
115 89
105 29
116 89
51 106
64 19
10 15
48 83
58 28
0 29
73 16
62 50
106 29
86 77
80 25
89 38
107 29
90 38
74 16
81 25
110 12
75 16
65 19
111 12
82 25
83 25
98 27
83 22
112 12
99 9
100 9
55 58
33 35
26 19
27 19
34 35
28 19
24 78
86 53
26 108
2 13
35 24
107 92
3 13
108 92
109 92
77 97
27 108
90 101
110 92
58 97
10 27
117 89
0 98
1 98
2 98
111 92
112 92
88 78
59 90
77 40
113 92
60 90
67 95
78 102
99 61
4 13
25 78
3 98
79 102
80 102
91 101
81 102
82 102
83 102
84 102
56 58
32 113
10 102
64 103
63 57
64 57
1 29
35 75
49 48
78 97
90 80
79 97
39 40
78 41
63 50
64 50
5 13
78 40
100 61
54 88
114 92
6 13
34 63
7 13
115 92
87 77
59 70
97 86
85 102
98 86
105 98
36 24
116 92
106 98
8 13
61 90
65 57
107 98
108 98
49 83
2 29
92 101
3 29
68 95
60 70
99 86
61 70
69 95
109 98
109 33
62 70
89 59
63 70
70 73
65 103
71 73
50 83
55 88
72 73
62 90
63 90
12 93
4 98
5 98
7 32
51 37
52 37
8 32
9 32
35 63
88 77
28 108
80 97
10 32
11 32
101 61
45 86
100 75
87 53
54 65
82 42
29 19
88 53
48 22
97 47
113 12
51 83
6 98
49 22
54 11
50 22
84 25
26 78
7 98
4 29
19 72
110 33
51 22
13 93
38 80
14 93
98 47
117 92
73 73
101 9
62 5
52 83
74 73
57 58
110 98
111 98
100 86
9 13
101 86
102 86
103 86
104 86
66 57
105 86
40 110
108 29
112 98
59 93
84 22
11 102
89 78
64 70
65 70
106 86
111 33
56 88
91 38
93 101
33 113
75 73
38 90
8 98
76 73
34 113
113 98
114 98
99 47
91 80
115 98
77 73
78 73
116 98
117 98
59 99
60 99
79 73
41 110
61 99
62 99
83 42
23 43
84 42
89 53
10 13
85 42
79 41
86 42
90 53
87 42
88 42
89 42
91 53
92 53
90 42
102 9
91 113
91 42
103 9
65 50
92 42
93 42
92 80
70 95
64 90
71 95
24 43
60 93
9 98
10 37
72 95
73 95
52 106
61 93
63 5
114 1
65 90
64 5
84 3
62 93
114 12
37 24
38 24
117 83
104 9
105 9
92 38
85 3
93 38
65 5
66 5
35 104
11 27
11 13
1 60
11 37
46 86
101 75
62 104
66 101
57 88
11 62
15 93
63 104
16 93
64 104
65 104
102 75
73 106
74 106
66 104
75 106
76 106
77 106
50 46
67 104
68 104
99 108
100 108
103 75
69 104
78 106
58 88
70 104
71 104
39 24
66 103
40 24
107 86
101 108
72 104
53 106
58 58
86 44
39 54
104 75
36 104
109 29
12 62
91 32
37 104
108 37
24 67
76 35
54 106
38 104
51 46
55 65
25 67
13 70
26 67
50 48
27 67
67 5
39 104
14 70
85 22
56 65
15 70
115 12
28 67
29 67
40 104
30 67
71 36
67 57
93 53
90 78
94 53
10 98
81 97
74 95
68 57
69 57
95 53
80 41
96 53
70 57
94 62
20 72
84 105
85 105
97 53
62 107
13 62
100 47
11 98
102 108
53 83
73 104
5 29
51 48
105 75
16 70
106 75
92 32
76 16
85 25
110 107
17 70
90 59
102 61
101 47
52 46
14 62
18 70
53 46
80 73
15 62
29 22
93 32
67 103
86 25
0 89
109 37
107 75
55 106
93 80
42 110
86 105
94 80
91 78
95 80
87 105
88 105
89 105
81 73
87 43
82 108
39 80
82 73
108 75
66 90
109 75
110 75
111 75
112 75
113 75
114 75
12 13
11 15
25 43
67 90
77 16
19 70
94 32
61 37
78 16
95 32
47 86
79 16
62 37
63 37
87 44
83 73
52 48
73 7
87 25
80 16
6 29
7 29
54 83
41 24
42 24
2 60
3 60
20 70
88 25
66 19
96 32
81 16
21 70
4 60
22 70
43 24
23 70
5 60
6 60
7 60
8 60
74 104
9 60
24 70
25 70
26 70
116 12
54 46
30 19
55 46
8 29
10 60
0 59
1 59
115 75
9 29
68 90
79 106
10 29
12 27
11 29
103 108
75 104
17 93
12 98
80 106
12 15
63 93
13 98
59 84
56 106
18 93
97 32
99 27
77 31
78 31
102 47
79 31
80 31
96 80
26 43
36 75
55 83
103 47
14 98
117 12
64 93
44 24
19 93
44 2
83 108
8 115
45 2
15 98
37 75
19 50
49 73
77 51
20 93
38 75
78 51
68 103
69 103
70 103
108 86
82 97
62 65
116 75
81 67
79 40
20 50
86 22
13 27
89 77
81 63
12 102
87 22
59 13
66 50
103 61
27 43
11 60
63 65
110 29
111 29
67 19
39 75
43 110
83 97
56 46
14 27
86 102
84 97
31 19
87 102
27 78
104 47
13 13
75 95
85 97
86 97
63 99
53 48
1 89
87 97
60 84
65 93
64 99
56 83
16 98
46 2
69 90
70 90
15 27
12 29
21 93
105 47
106 9
57 83
13 102
28 43
44 110
76 95
14 102
107 9
68 5
69 5
108 9
45 24
104 61
47 4
80 40
94 38
95 38
70 5
29 43
30 43
82 67
16 27
57 46
66 93
65 99
2 89
88 97
67 93
46 24
28 78
92 78
89 97
66 99
97 80
77 95
90 97
83 67
93 78
15 102
78 95
57 106
91 97
84 67
92 97
61 84
98 80
88 22
117 75
62 84
94 78
89 22
60 13
90 22
61 13
39 90
67 50
94 42
98 53
99 53
85 67
100 53
101 53
64 65
99 80
16 62
91 22
68 19
92 22
112 29
113 29
93 22
114 29
31 43
94 22
81 40
58 46
69 19
95 22
106 47
62 13
82 40
109 9
70 19
68 50
12 60
28 1
71 19
110 9
47 2
96 22
17 62
115 29
72 19
22 93
63 13
73 19
68 93
74 19
71 90
72 90
16 102
84 73
73 90
13 29
93 97
100 80
69 93
32 43
101 80
86 67
87 67
88 67
89 67
95 78
94 97
59 76
90 67
91 67
65 65
102 80
47 24
66 65
71 57
92 67
67 65
96 78
103 80
17 98
18 98
70 93
40 75
58 83
48 24
19 98
20 98
32 19
31 67
21 98
49 24
27 70
35 35
36 35
40 54
12 32
41 54
42 54
16 34
33 19
35 30
17 34
40 90
18 34
37 35
74 90
56 21
39 21
38 35
43 51
19 34
45 110
46 110
34 19
40 21
43 54
29 108
28 57
44 54
35 19
13 32
36 19
14 32
37 19
20 34
39 35
15 32
38 19
39 19
47 110
40 19
45 54
33 43
29 57
91 59
109 109
52 9
110 109
111 109
53 9
54 9
83 109
34 43
29 65
50 24
50 73
66 70
109 86
0 47
17 27
51 24
35 43
48 86
79 95
44 64
40 80
94 101
49 86
52 24
14 13
80 95
71 93
2 59
93 67
72 93
102 53
77 35
100 27
45 64
41 19
68 65
83 40
94 67
2 36
42 19
36 43
73 93
82 63
88 44
92 59
93 59
89 44
97 78
46 64
69 65
98 32
83 63
67 70
94 59
22 98
95 59
23 98
13 15
88 43
101 27
89 25
86 3
41 75
64 13
97 22
111 9
65 13
66 13
90 25
107 47
98 22
112 9
74 7
41 104
87 3
108 47
24 98
75 7
88 3
13 60
89 3
78 35
76 7
67 13
53 24
14 15
15 15
40 40
41 80
69 107
41 40
112 109
59 109
55 9
3 17
84 109
56 9
57 9
60 109
85 109
58 9
0 10
1 10
113 109
2 10
16 32
93 115
92 113
36 63
32 39
3 10
4 10
5 10
16 15
54 48
43 19
17 32
46 54
47 54
17 102
15 13
36 30
37 30
29 0
30 0
31 0
32 0
33 0
38 30
34 0
39 30
40 30
35 0
36 0
21 34
58 106
22 34
18 32
30 57
31 57
32 57
42 75
19 32
44 19
41 21
40 35
48 54
45 19
41 35
41 90
57 21
20 32
42 35
23 34
49 54
21 32
42 21
58 21
46 19
43 35
44 35
37 63
47 19
22 32
24 34
48 4
42 104
48 110
42 90
3 89
49 110
23 93
25 98
43 90
21 50
50 110
18 27
43 75
48 19
44 90
40 6
24 93
51 110
26 98
27 98
50 54
50 86
52 110
45 90
4 89
5 89
33 57
75 90
41 6
42 6
22 50
3 36
95 101
29 78
23 50
51 54
52 54
53 54
18 102
54 54
55 54
56 54
4 36
57 54
58 54
0 55
28 98
1 55
2 55
3 55
4 55
46 90
49 19
50 19
51 19
52 19
53 19
54 19
5 55
0 107
6 89
25 34
26 34
6 55
27 34
28 34
43 21
43 104
30 108
34 57
55 48
24 50
4 17
14 29
35 57
23 32
29 34
30 34
25 50
55 19
7 55
7 89
25 93
8 55
44 75
44 79
53 110
9 55
10 55
67 101
68 101
69 101
54 110
55 110
11 55
21 72
56 19
47 90
48 90
49 90
85 73
16 13
36 57
49 6
50 6
51 6
52 6
53 6
3 6
45 79
4 6
5 6
44 51
45 51
24 32
51 86
26 93
91 25
79 35
112 33
86 73
37 43
110 86
29 98
112 14
8 89
111 86
104 80
54 24
105 80
112 86
113 86
63 84
95 97
106 80
55 24
52 86
109 47
18 62
27 93
96 59
92 25
44 104
97 59
98 59
99 59
45 104
35 113
1 107
2 107
38 43
100 59
101 59
46 104
84 40
19 27
96 101
19 102
64 84
102 59
45 75
70 65
103 59
113 33
104 59
50 90
90 44
105 59
114 86
106 59
47 64
48 64
82 16
60 76
39 43
90 105
99 32
40 43
46 75
42 40
68 70
47 104
100 32
93 25
101 32
51 5
83 16
96 38
65 84
30 98
30 78
31 98
0 84
46 79
1 84
2 84
3 84
42 80
32 67
33 67
28 70
56 24
115 1
43 80
53 86
4 84
77 7
5 84
6 10
57 24
48 104
58 24
54 38
53 37
1 113
68 13
72 57
3 59
14 60
33 3
20 27
15 29
16 29
6 84
7 84
17 29
70 101
71 101
18 29
8 84
9 84
96 97
9 89
99 22
71 5
100 22
1 47
95 67
84 16
76 90
66 84
96 67
67 84
117 101
32 98
57 19
33 98
75 19
76 19
19 62
34 98
49 104
94 25
77 19
81 31
102 32
82 31
83 31
116 1
12 37
84 31
0 25
107 80
46 51
47 51
12 55
58 19
81 95
44 21
45 21
48 51
13 55
14 55
50 104
51 104
46 21
25 32
3 107
26 32
107 106
116 29
107 100
91 105
108 106
21 113
61 76
62 76
108 100
41 30
52 104
71 65
101 22
109 106
102 22
21 27
117 29
103 22
97 67
74 93
104 22
56 48
72 65
41 43
105 22
85 40
86 40
80 35
102 27
20 62
81 35
87 40
59 30
42 43
81 41
20 102
47 75
106 22
42 30
53 104
117 1
72 36
78 7
59 2
110 47
60 2
103 27
21 62
111 47
73 57
79 51
112 47
113 47
114 47
75 93
98 78
110 37
74 57
82 95
75 57
80 51
77 90
73 65
108 80
61 2
62 2
63 2
64 2
35 98
78 19
65 2
66 2
113 9
85 16
22 62
43 43
67 2
114 9
68 2
76 57
77 57
84 63
69 70
81 51
36 98
78 57
70 70
79 57
107 59
80 57
10 84
48 75
98 67
103 53
73 36
44 43
104 53
71 70
17 13
55 1
105 53
106 53
72 70
1 25
107 53
114 33
73 70
115 9
78 90
21 102
11 84
82 35
69 2
115 33
105 61
83 35
88 40
109 80
110 80
83 95
106 61
79 90
111 80
27 32
115 47
12 84
18 13
22 27
87 73
79 19
90 3
91 3
2 47
10 89
69 50
116 9
107 22
80 19
104 27
84 35
23 62
85 35
24 62
25 62
13 84
112 80
109 100
115 86
68 84
110 106
92 105
21 49
49 75
111 106
54 86
54 104
50 75
112 106
113 106
110 100
93 105
94 105
90 77
4 14
70 50
111 100
95 105
91 77
26 62
71 50
74 70
113 80
74 36
27 62
75 70
116 86
108 22
75 36
81 57
99 67
28 93
69 84
117 86
70 84
59 87
51 73
55 104
60 87
107 61
2 25
114 106
4 107
29 93
96 105
112 100
116 47
111 37
108 61
111 99
63 107
112 37
64 37
22 102
57 48
5 107
14 84
80 90
113 37
63 76
103 32
95 25
64 76
28 62
117 47
86 16
87 16
105 27
45 43
97 105
98 105
108 59
99 105
109 59
89 43
112 99
56 104
110 59
100 105
51 75
71 84
59 48
113 99
114 80
99 78
29 70
30 70
31 70
29 62
30 62
86 35
6 107
3 47
31 62
32 62
57 104
7 107
33 62
85 63
34 62
60 48
87 35
86 63
61 48
37 98
82 57
76 36
37 0
19 29
81 90
32 70
20 29
21 29
65 37
114 37
8 107
55 86
33 70
34 70
88 16
104 32
105 32
9 107
35 62
13 37
49 4
15 84
58 104
49 64
117 9
38 98
88 73
35 70
58 48
76 70
44 80
30 93
31 78
51 90
62 48
16 84
17 84
22 72
23 27
39 98
23 72
40 98
97 97
24 72
56 110
25 72
97 101
82 90
89 73
3 25
15 55
18 84
87 63
83 90
26 72
97 38
72 50
109 22
90 73
110 22
0 105
84 90
1 105
46 43
52 75
69 13
72 5
70 13
4 25
60 30
73 5
71 13
74 5
11 89
29 1
48 2
36 62
14 37
49 2
75 5
76 5
77 5
38 0
78 5
50 64
30 1
89 40
24 27
23 102
2 105
73 50
61 30
90 40
50 2
74 50
22 29
90 43
57 110
19 84
15 37
81 19
20 84
26 50
31 93
10 107
11 107
12 107
23 29
16 55
13 107
17 55
58 110
24 102
84 108
19 13
53 75
5 25
31 34
32 34
28 32
33 34
34 34
17 15
4 59
18 15
14 107
5 17
6 17
35 34
18 55
12 89
76 93
54 75
32 93
65 76
41 98
33 93
3 105
36 70
21 84
70 107
76 104
77 104
71 107
78 104
79 104
72 107
80 104
42 98
81 104
73 107
22 84
34 93
77 70
83 57
84 57
66 76
85 57
55 75
114 99
20 13
72 84
4 47
115 99
47 43
88 63
116 99
72 13
73 13
74 13
75 13
27 72
15 107
111 107
76 13
67 76
63 48
115 37
79 5
77 13
5 47
16 107
82 104
24 29
16 37
83 104
104 108
29 32
23 84
21 13
24 84
86 57
89 63
77 93
22 49
98 97
32 78
25 29
105 108
25 27
88 35
115 80
84 104
106 108
56 86
96 25
89 16
26 29
90 16
57 65
36 113
17 37
91 44
19 15
106 32
107 32
97 25
7 10
91 16
15 60
6 47
111 22
7 47
48 43
74 65
64 48
8 47
9 47
116 37
47 79
117 37
92 44
93 44
106 38
68 76
109 61
94 44
107 38
49 43
92 16
37 62
74 107
85 104
75 107
64 107
86 104
87 104
76 107
88 104
107 108
89 104
108 108
109 108
90 104
110 108
111 108
65 107
101 105
4 105
111 59
20 15
22 13
0 49
110 61
95 44
78 70
10 47
38 62
72 101
25 84
27 29
28 29
99 97
29 29
85 90
86 90
23 13
108 38
66 37
34 67
17 107
35 67
58 65
36 67
37 67
112 59
38 67
37 70
1 49
26 27
112 22
56 75
25 102
52 73
39 67
75 50
82 19
98 25
99 25
106 27
50 43
39 62
116 33
107 27
51 43
83 19
117 33
91 73
69 76
111 61
70 76
71 76
72 76
73 76
21 15
74 76
92 73
93 73
38 70
39 70
40 70
22 15
16 60
78 93
22 113
17 60
18 60
50 4
108 32
52 5
100 97
98 38
109 32
100 25
93 16
94 16
53 5
95 16
112 61
54 5
13 89
85 31
96 16
86 31
101 25
67 37
6 25
52 43
57 75
24 13
113 14
116 80
67 99
0 111
45 80
51 4
26 102
41 70
11 47
96 44
97 44
98 44
113 61
108 27
58 75
114 61
12 47
40 67
49 51
40 62
52 4
28 72
109 27
14 89
1 111
110 27
61 87
42 70
53 4
79 93
62 87
33 78
87 57
53 43
88 57
41 67
108 53
109 53
43 70
87 90
14 73
52 90
0 20
1 20
53 90
54 4
35 93
76 50
7 17
78 13
102 25
84 95
103 25
57 86
13 47
113 59
77 50
7 25
36 93
18 37
65 48
90 63
100 78
54 43
62 30
0 76
73 84
100 67
46 80
75 65
82 51
48 114
79 70
80 70
117 80
101 67
111 27
19 37
81 70
74 84
113 22
27 102
5 105
94 73
14 47
115 61
15 47
80 5
6 105
59 34
104 25
37 57
44 70
20 37
59 10
99 38
110 53
41 62
16 65
43 98
91 43
7 105
16 47
116 61
63 87
92 77
91 40
60 34
97 16
44 98
8 25
8 105
45 98
80 93
27 50
9 25
25 13
28 50
75 76
76 76
29 50
26 13
27 13
30 50
114 88
54 37
115 88
116 88
34 3
117 88
28 13
55 38
114 22
45 70
10 25
58 86
9 105
95 73
55 43
10 105
111 53
112 53
79 13
11 25
1 76
78 50
92 3
11 105
93 77
101 97
117 61
26 84
113 53
75 84
95 42
66 48
82 70
42 62
114 53
83 70
84 70
101 78
64 87
96 42
60 10
59 62
67 48
37 93
12 25
115 22
59 81
76 84
46 98
61 34
62 34
105 25
17 47
63 30
28 102
106 25
43 30
107 25
100 38
108 25
63 34
56 43
65 87
102 97
27 84
77 84
101 38
61 10
93 3
98 16
81 5
84 19
117 99
79 50
85 19
92 40
77 36
59 100
93 40
89 35
31 50
32 50
37 113
15 89
16 89
33 50
12 105
23 113
34 50
35 50
36 50
2 76
37 50
28 84
29 84
64 34
30 32
92 43
30 84
38 50
94 40
65 34
68 48
30 22
18 47
77 76
0 87
112 27
62 10
113 27
86 19
114 27
90 35
13 105
115 27
87 19
116 27
31 84
27 27
69 48
18 107
82 5
13 25
38 113
80 13
5 59
38 63
6 59
94 3
83 51
51 2
102 38
88 90
84 51
46 70
85 108
30 29
78 76
86 108
103 97
47 98
115 106
104 97
105 97
85 51
71 103
39 50
0 66
79 76
106 97
83 5
55 4
70 2
95 3
32 84
57 43
1 87
89 57
96 3
47 70
76 65
85 70
95 40
97 3
17 89
70 48
77 65
48 98
114 59
65 110
115 53
43 62
31 1
29 72
81 13
103 38
88 19
91 35
89 19
32 1
23 15
64 30
90 19
30 72
49 98
31 72
89 90
24 15
90 90
91 90
92 90
54 90
93 90
32 72
19 55
33 84
84 5
29 102
25 15
81 93
116 53
58 43
117 53
90 57
3 76
78 65
98 3
55 90
59 54
60 54
61 54
62 54
91 57
34 84
63 54
79 65
102 78
92 57
80 65
88 102
82 93
14 25
102 67
94 90
50 98
35 84
51 98
29 13
14 105
95 90
40 50
20 55
39 113
63 10
36 84
15 25
19 47
96 90
18 89
56 90
38 93
96 73
71 48
51 64
52 98
85 95
99 3
80 50
30 102
78 84
66 87
79 84
107 97
40 113
68 99
30 13
86 70
80 84
81 84
69 99
108 97
53 98
83 93
89 102
31 102
84 93
82 84
37 84
39 93
31 13
19 89
72 48
83 84
97 73
70 99
71 99
64 54
86 95
72 99
73 99
97 42
74 99
54 98
75 99
76 99
67 87
68 87
85 93
72 103
42 67
69 87
60 81
70 87
71 87
93 57
84 84
116 22
56 4
87 95
97 90
103 78
88 95
31 108
86 93
89 95
64 10
21 37
85 5
91 19
28 27
20 47
82 13
55 98
65 54
100 3
101 3
34 78
0 44
98 90
87 93
81 50
82 50
83 50
57 90
47 80
56 98
99 90
38 84
48 80
49 80
90 102
100 90
39 84
4 76
117 22
16 25
52 2
32 102
101 90
102 90
56 1
83 13
92 19
32 13
79 7
102 3
103 3
57 98
57 1
2 49
93 19
88 93
17 25
58 98
43 67
103 90
35 78
104 38
90 95
1 44
0 99
73 48
109 97
2 111
65 30
5 76
66 30
60 100
92 35
84 13
104 78
6 76
77 99
53 2
54 2
98 101
99 101
91 102
92 102
3 111
55 11
67 30
7 59
7 76
66 34
80 7
67 34
22 37
55 2
1 99
104 90
84 50
2 99
65 10
40 84
98 73
66 10
60 62
99 73
8 76
3 99
33 102
50 80
4 99
18 25
41 84
5 99
6 99
7 99
68 30
15 105
36 78
40 93
110 97
100 101
91 95
87 70
78 99
85 84
111 97
61 81
61 100
37 78
88 70
112 97
62 81
89 93
90 93
86 84
113 97
93 102
63 81
80 76
103 67
26 15
104 67
81 65
91 93
82 65
83 65
84 65
92 93
94 57
105 67
106 67
107 67
108 67
109 67
85 65
86 65
105 78
87 65
106 78
110 67
88 65
89 65
64 81
90 65
65 81
20 89
111 67
66 81
91 65
95 57
92 65
112 67
69 30
2 44
72 23
21 89
73 23
74 48
70 30
74 23
85 13
75 48
76 48
87 31
75 23
76 23
71 30
92 95
85 50
41 93
33 13
34 13
2 20
39 63
34 102
81 76
66 54
96 57
42 93
93 65
55 37
78 36
40 63
67 54
68 54
67 81
82 76
16 105
8 59
31 32
97 57
94 77
96 40
98 42
99 42
89 70
98 57
99 57
9 76
21 47
58 90
68 81
69 54
100 42
101 42
70 54
102 42
72 30
86 50
103 42
45 35
91 63
92 63
86 13
105 90
93 95
42 84
23 49
19 25
4 111
17 105
8 99
106 90
93 93
44 30
5 111
38 78
32 108
0 91
94 95
22 89
19 60
36 34
3 20
95 95
43 84
9 99
114 97
6 111
100 73
94 102
19 107
20 107
7 111
95 62
107 78
107 90
2 87
8 111
43 93
79 99
72 87
73 87
90 70
83 76
74 87
91 70
22 47
92 70
77 48
33 108
34 108
10 99
108 90
78 48
44 67
11 99
12 99
101 73
39 78
94 93
13 99
109 90
10 76
96 95
41 113
45 67
44 93
46 67
11 76
12 76
47 67
115 97
95 102
35 13
44 84
9 111
20 25
31 29
97 95
1 91
10 111
14 99
95 93
87 50
98 95
96 93
96 102
73 103
3 73
116 97
9 59
117 97
32 29
86 5
29 27
104 42
50 51
3 49
40 78
48 70
56 38
15 99
77 23
45 93
69 81
45 84
1 66
42 113
46 93
102 73
97 40
36 13
46 84
33 72
51 80
47 84
104 3
105 3
67 10
61 62
34 72
87 13
10 59
35 72
48 84
36 72
37 72
3 44
56 2
68 10
57 2
38 72
58 2
43 113
35 108
51 51
38 57
11 111
37 34
4 44
35 102
21 55
8 17
36 108
12 111
23 89
47 93
2 91
79 48
78 23
38 34
8 10
33 39
96 111
9 10
109 25
80 48
34 39
10 10
39 72
23 37
49 114
44 62
35 39
11 10
43 40
9 115
12 10
81 110
50 114
97 111
82 110
13 10
94 115
36 39
37 39
98 111
83 111
14 10
38 39
15 10
16 10
39 39
17 10
95 115
40 39
99 111
41 50
87 108
88 108
21 25
18 10
9 17
23 47
36 102
59 98
87 84
93 70
115 59
116 59
75 87
94 70
95 70
88 84
24 47
3 87
24 89
5 44
13 76
89 84
99 95
16 99
48 93
100 95
49 93
14 76
110 90
100 57
95 77
71 54
94 65
113 67
95 65
101 95
96 65
97 65
37 102
98 65
72 54
73 54
99 65
114 109
114 111
19 10
31 22
115 109
116 109
20 10
86 109
45 62
93 43
93 35
18 105
39 57
94 35
95 35
117 27
96 35
17 99
96 115
89 108
15 76
50 93
21 107
22 55
51 93
40 57
60 98
4 20
41 57
41 39
73 30
79 23
88 13
25 89
74 30
89 13
80 23
90 13
75 30
76 30
87 5
81 23
13 111
103 73
42 50
23 55
14 111
15 111
16 111
41 78
42 78
43 78
43 50
17 111
18 111
19 111
37 108
20 111
21 111
22 111
23 111
24 55
37 13
24 111
25 55
26 55
27 55
26 89
10 5
19 105
28 55
87 109
21 10
46 62
49 70
106 3
57 4
81 48
20 105
81 7
40 3
41 3
4 49
91 13
92 13
107 3
77 30
93 13
52 51
44 113
6 44
42 3
78 30
24 113
52 93
35 3
100 65
94 43
84 76
5 49
22 107
90 84
91 84
96 77
96 70
102 95
53 93
114 67
21 105
74 54
22 105
75 54
97 70
76 54
101 65
70 81
79 30
94 13
88 50
110 25
45 30
38 102
111 25
105 38
99 16
112 25
94 19
71 81
95 19
113 25
96 19
72 81
49 84
62 62
73 81
23 105
100 16
74 81
4 100
44 78
95 13
45 113
44 40
25 47
92 84
39 102
76 87
97 102
61 98
62 98
96 13
88 36
27 89
97 77
105 42
89 36
82 48
90 36
77 54
91 36
106 42
101 57
89 50
38 13
90 50
82 23
48 67
107 42
52 64
7 44
82 41
95 43
96 43
83 41
98 77
18 99
63 98
80 99
5 20
74 103
75 103
97 93
98 93
75 81
111 90
104 73
99 77
112 90
19 99
105 73
100 77
50 70
115 67
45 78
101 77
98 40
40 72
50 84
85 76
83 23
59 28
83 48
41 63
39 34
6 20
39 0
40 102
40 34
5 14
115 111
22 10
23 10
47 62
10 17
24 10
11 17
8 44
11 16
42 39
110 6
25 10
30 27
16 76
102 77
22 25
80 30
102 65
31 27
102 57
53 73
103 65
97 43
103 57
26 10
27 10
11 5
28 10
116 111
61 109
29 10
62 109
30 10
31 10
32 10
24 105
53 64
106 73
91 50
107 73
54 73
39 13
40 13
97 13
98 13
84 48
99 13
88 5
97 35
99 40
100 40
46 78
23 25
101 114
9 44
7 20
8 20
42 57
9 20
10 20
41 34
46 30
29 55
42 34
3 91
43 34
25 111
47 78
27 15
46 35
48 78
49 78
30 55
31 55
32 55
33 55
11 20
41 102
34 55
35 55
36 55
37 55
38 55
48 79
50 78
54 93
49 79
55 93
12 20
13 20
20 99
21 99
51 84
113 90
22 99
51 78
52 84
108 73
101 40
17 76
114 25
54 64
84 23
41 72
89 5
85 48
71 2
100 13
101 13
85 23
90 5
91 5
33 1
81 30
43 3
59 39
24 37
44 3
92 5
45 3
34 1
48 62
28 89
102 13
32 27
41 13
33 27
24 25
18 76
25 25
103 13
42 63
53 84
11 59
12 59
54 84
12 17
55 84
43 63
42 13
4 73
13 59
14 59
13 17
114 90
0 114
44 63
1 114
44 50
115 90
2 114
3 114
4 114
5 114
50 79
6 114
7 114
66 110
8 114
45 50
56 84
23 99
17 65
34 27
32 32
33 32
57 84
58 84
51 70
42 72
56 93
25 105
24 99
86 23
19 76
104 57
4 85
98 70
99 70
99 93
60 39
26 47
25 99
4 91
29 89
5 85
6 85
26 25
7 85
43 72
58 4
109 73
10 44
30 89
26 99
11 44
78 54
20 60
35 27
110 73
26 111
52 78
12 44
13 44
108 78
108 42
23 107
27 99
115 25
27 25
28 25
98 35
87 23
104 13
86 48
52 70
8 85
111 73
79 54
79 36
102 40
9 85
93 84
97 19
31 89
44 72
10 85
44 34
82 30
98 19
88 23
99 19
63 62
81 99
14 20
109 42
64 62
27 47
11 85
12 85
65 62
52 80
69 10
57 93
2 66
45 72
86 76
92 50
20 76
46 72
70 10
66 62
67 62
15 59
87 76
29 25
68 62
58 93
36 27
16 59
13 85
112 73
26 105
43 13
28 99
61 39
43 57
53 80
5 91
29 99
45 34
39 55
40 55
101 101
44 57
46 34
41 55
15 20
16 20
53 51
17 20
47 34
30 99
34 32
42 102
46 50
27 111
14 85
42 55
28 111
21 76
32 89
100 93
93 50
24 107
69 62
18 20
47 30
51 79
93 63
14 44
28 15
6 49
94 63
22 76
105 13
55 73
88 76
89 76
116 25
68 37
113 73
31 99
2 113
100 19
60 28
25 37
117 59
62 60
61 28
62 28
19 20
49 62
47 72
71 10
33 29
43 102
63 60
83 30
56 73
102 105
87 48
110 32
64 60
117 25
25 107
27 105
15 44
69 37
100 70
65 60
28 105
114 73
109 38
66 60
26 107
29 105
16 44
27 107
109 78
30 105
62 100
103 105
63 100
116 67
110 78
111 78
37 27
94 84
116 90
53 70
68 34
38 27
88 31
69 34
48 34
54 6
55 6
56 6
57 6
6 6
7 6
45 57
20 20
0 94
28 107
46 57
47 57
94 50
47 21
101 93
35 32
48 21
115 73
21 20
103 40
50 62
23 76
35 1
36 1
37 1
90 76
88 48
89 48
104 40
101 19
63 28
64 28
90 48
102 19
103 19
104 19
65 28
105 19
106 19
44 102
52 22
49 67
15 85
16 85
53 22
70 34
54 22
1 94
32 99
17 85
48 72
18 85
105 40
33 99
17 59
3 66
56 11
55 5
111 32
59 26
101 16
102 16
32 22
112 32
89 31
29 111
70 37
113 32
51 62
56 5
90 31
30 111
91 31
110 38
106 40
92 31
60 26
0 74
103 16
61 26
114 14
55 64
34 99
95 84
19 85
115 14
64 100
98 102
116 14
76 81
30 25
31 25
62 39
44 13
2 94
77 81
78 81
64 98
65 100
28 47
35 99
17 44
45 63
91 76
71 37
112 78
70 62
79 81
71 62
72 37
90 108
73 37
31 105
116 73
74 37
114 32
104 16
32 105
54 70
52 62
39 27
105 16
34 29
106 16
107 16
35 29
33 105
46 113
18 59
55 70
36 99
36 29
108 16
21 60
115 32
3 94
56 70
29 47
22 60
23 60
80 54
106 13
81 54
34 105
30 47
77 87
4 66
4 94
105 57
1 74
78 87
67 60
101 70
82 54
53 78
102 70
83 54
112 107
33 89
104 105
31 47
79 87
113 107
57 70
32 25
105 105
114 107
32 47
66 100
103 77
115 107
107 13
34 89
13 5
108 13
111 38
102 93
95 63
103 95
29 107
48 57
91 48
77 107
6 14
78 107
37 29
37 99
103 93
79 107
91 104
92 104
93 104
94 104
80 107
81 107
62 26
112 38
54 78
33 25
113 38
68 60
109 16
53 62
14 5
117 67
108 3
82 7
92 48
54 51
83 7
35 105
92 76
24 76
93 76
22 20
19 59
18 44
99 44
100 44
40 27
69 60
114 38
110 16
55 22
7 49
50 67
24 60
56 64
23 20
25 60
58 70
0 71
1 71
26 60
95 104
33 47
36 105
27 60
2 71
28 60
19 44
20 59
0 85
43 55
3 71
104 65
115 38
75 37
51 67
34 47
5 66
52 67
30 107
55 78
4 71
31 107
6 66
53 67
54 67
55 67
56 67
7 66
94 76
82 107
76 103
83 107
112 108
84 107
85 107
66 107
113 108
114 108
86 107
96 104
115 108
116 108
97 104
117 108
117 73
41 27
88 109
35 47
36 47
20 85
77 103
67 107
104 93
38 29
39 29
87 107
37 47
98 104
21 85
32 107
40 29
99 104
80 81
42 27
59 68
100 104
41 29
42 29
22 85
43 29
81 81
5 94
33 107
47 50
15 5
31 111
16 5
37 105
48 50
36 32
6 91
32 111
49 34
23 85
38 105
38 99
33 111
34 111
6 94
104 77
59 74
105 77
37 32
99 35
5 36
6 36
7 36
8 36
38 108
9 36
44 29
7 91
35 111
49 50
39 105
38 32
7 94
8 6
14 17
9 6
57 64
8 91
36 111
10 6
34 107
35 107
105 93
39 99
49 57
40 99
37 111
39 108
38 111
106 93
44 55
45 55
46 55
20 44
47 55
48 55
73 101
49 55
50 55
35 89
49 21
58 64
8 94
41 99
104 95
51 55
60 74
39 32
9 91
63 39
72 2
5 71
6 71
66 28
7 71
73 2
50 57
52 55
51 57
84 111
36 107
24 85
52 57
53 57
18 65
9 94
45 13
34 25
10 94
45 29
53 55
50 34
55 51
54 55
51 34
56 51
52 34
53 34
36 89
55 55
80 87
103 70
81 87
104 70
82 87
83 87
84 87
85 87
114 71
82 99
107 40
17 5
10 63
109 3
46 13
108 40
56 78
56 22
95 76
72 10
89 23
117 14
40 105
93 5
37 89
71 34
11 94
25 76
86 87
117 90
74 2
94 5
59 91
95 5
47 13
105 95
41 105
70 60
26 76
57 67
58 67
0 68
1 68
2 68
3 68
4 68
5 68
6 68
111 16
93 48
72 34
7 68
63 26
64 26
38 47
60 91
106 57
94 48
84 30
49 72
84 7
73 10
110 3
111 3
74 10
12 94
65 98
66 98
87 87
82 81
93 31
38 89
39 47
84 54
21 44
67 28
109 40
4 87
107 57
110 40
54 62
8 71
13 94
100 35
83 81
73 34
95 48
95 50
111 40
25 85
96 48
88 87
85 30
90 23
91 23
86 51
109 13
89 87
39 89
110 13
90 87
92 23
52 79
105 70
40 47
85 54
91 87
108 57
109 57
96 84
110 57
27 76
106 70
86 30
54 80
55 62
26 85
22 44
27 85
28 85
33 10
75 10
76 10
87 30
48 13
40 89
99 102
57 78
102 101
100 102
28 76
58 78
96 76
46 29
41 89
47 29
41 47
101 35
50 72
102 35
23 44
106 77
102 114
103 114
84 81
107 70
45 102
46 3
0 65
86 54
47 3
108 70
48 3
49 3
50 3
60 68
51 3
29 76
42 99
43 27
57 38
42 47
52 3
53 3
9 71
43 47
93 23
29 85
85 81
109 70
111 57
61 68
86 81
67 100
106 95
26 37
97 76
62 68
68 100
69 100
30 76
42 89
44 47
29 15
97 84
87 81
8 49
24 44
98 43
45 40
43 89
30 15
107 93
43 99
5 87
61 91
44 99
54 57
39 111
40 111
31 76
54 34
41 111
10 91
40 32
25 44
6 87
97 48
96 50
88 30
103 35
94 23
89 30
98 48
95 23
90 30
91 30
18 5
98 84
99 84
19 5
100 84
63 68
101 84
102 84
107 95
88 81
92 87
99 48
103 84
100 48
74 34
26 44
27 44
68 28
15 17
1 65
92 30
32 76
48 29
85 7
69 28
64 39
93 30
45 99
86 7
87 7
111 13
88 7
112 3
113 3
114 3
89 7
90 7
96 23
94 30
91 7
92 7
115 3
112 40
93 7
75 2
61 74
42 105
46 40
112 13
24 20
95 30
113 13
114 13
75 34
95 0
27 37
36 3
101 48
30 85
107 19
115 13
106 105
104 84
107 105
71 60
72 60
73 60
74 60
45 47
11 91
75 60
76 60
99 43
108 93
77 60
35 25
46 99
47 99
33 76
48 99
87 51
110 42
108 95
88 51
89 51
111 42
112 42
25 20
34 76
56 62
90 51
35 76
113 42
10 71
36 25
34 10
2 65
37 25
83 110
35 10
43 39
100 111
16 17
51 114
44 39
97 115
98 115
52 114
36 10
85 111
53 114
101 111
3 65
54 114
93 113
94 113
45 116
17 17
95 113
53 115
86 111
61 112
111 6
57 5
41 32
31 15
112 6
54 115
96 113
97 113
55 115
98 113
56 115
104 114
105 114
98 76
49 99
106 114
107 114
10 58
21 59
22 59
23 59
38 25
32 15
9 49
30 6
55 34
14 94
26 65
56 55
50 50
26 20
42 111
27 20
18 17
43 111
105 84
57 55
28 20
29 20
43 105
19 17
58 55
51 50
30 20
49 13
52 50
44 111
50 13
56 34
31 20
45 111
12 91
32 20
46 47
31 6
33 20
34 20
0 79
35 20
57 34
36 20
37 10
47 40
38 10
39 10
116 107
108 105
37 3
70 28
65 26
66 26
76 34
57 11
67 26
71 28
76 37
77 34
31 85
58 11
33 15
11 71
102 48
57 62
32 85
51 72
33 85
44 89
28 37
38 3
72 28
58 38
78 34
103 48
104 48
68 26
105 48
12 71
44 27
78 60
79 60
29 37
10 49
47 47
50 99
28 44
39 25
1 79
78 103
67 98
109 93
117 107
99 76
109 105
20 5
21 5
22 5
93 87
106 84
13 91
79 103
51 13
39 3
76 2
23 5
9 114
116 3
51 99
52 72
53 72
52 99
110 93
109 95
13 71
34 85
77 10
94 7
37 107
2 79
54 3
116 13
96 30
58 1
40 25
96 5
106 48
78 10
97 23
98 23
113 40
55 80
114 40
77 2
97 5
115 40
15 73
108 19
47 113
107 48
79 10
80 60
110 95
30 37
81 60
44 105
109 19
37 20
33 22
80 10
110 19
111 19
117 13
34 15
112 19
113 19
81 10
82 10
38 20
107 77
82 60
0 56
41 25
58 62
83 60
84 60
101 44
7 87
85 60
86 60
87 60
102 44
116 32
88 60
77 37
53 99
29 44
49 29
0 4
96 0
113 0
34 22
114 0
50 29
89 60
90 60
64 68
103 44
104 44
91 60
105 44
92 60
93 60
96 63
39 20
89 81
94 60
95 60
106 44
48 47
100 76
65 68
35 85
46 102
114 42
108 48
14 71
107 84
94 87
95 87
108 84
110 70
45 39
47 0
48 0
42 25
48 40
49 0
50 0
51 0
43 25
40 20
45 105
42 32
1 56
43 32
99 23
72 62
98 5
116 40
83 10
54 99
62 74
96 62
73 28
31 37
100 23
109 48
110 48
85 14
111 48
8 87
57 51
101 104
55 99
87 54
88 54
89 54
105 65
106 65
107 65
30 44
96 60
109 84
18 22
110 84
111 84
36 76
112 84
96 87
111 93
111 95
112 93
15 94
112 95
113 95
114 95
37 76
2 56
50 21
3 56
58 34
90 81
101 76
97 60
98 60
99 60
91 81
100 60
101 60
102 60
103 60
9 87
56 99
3 79
47 102
97 50
104 35
115 95
101 102
97 63
66 68
48 102
31 44
58 51
102 102
97 87
41 20
24 59
4 79
45 27
90 54
15 71
113 93
116 106
91 54
108 77
86 14
112 48
57 99
58 99
111 70
98 87
99 87
100 87
101 87
113 84
112 70
113 70
44 25
83 99
114 84
38 76
68 98
55 57
114 70
115 70
102 87
101 23
112 57
103 87
102 23
87 14
88 14
49 47
116 70
104 87
97 30
84 10
45 25
117 70
105 87
92 54
0 52
117 40
113 48
95 7
39 76
16 71
63 74
51 63
114 19
32 44
36 85
37 85
117 3
96 7
4 65
17 71
114 48
85 10
89 14
115 48
106 87
52 63
115 42
92 81
97 62
90 14
46 105
103 23
54 72
67 68
105 35
116 48
64 74
35 15
53 63
65 74
117 48
59 49
60 49
114 93
92 71
40 108
107 87
93 71
116 95
108 87
109 87
110 87
94 71
84 99
95 71
115 71
96 71
111 87
68 68
112 87
117 23
11 63
16 73
12 63
59 4
17 73
46 25
13 63
106 35
98 50
86 10
91 14
87 10
59 41
92 14
60 41
115 93
104 23
52 13
80 103
69 98
70 98
103 102
4 56
42 20
35 100
5 56
16 94
1 52
17 94
18 94
0 35
19 94
20 94
14 91
40 76
21 94
5 79
43 20
44 20
49 102
44 32
6 56
45 20
46 20
115 84
6 79
46 111
7 56
103 101
48 30
32 6
8 56
5 65
33 6
47 111
7 79
8 79
73 62
33 44
97 71
113 87
116 84
69 68
98 71
104 60
99 71
93 81
34 44
10 87
107 44
41 76
38 107
36 100
36 15
35 44
18 71
11 49
48 111
49 111
50 111
51 111
52 111
9 56
53 111
91 51
117 84
46 27
61 49
24 5
71 98
59 85
60 85
85 99
100 71
70 68
94 81
93 14
99 5
50 47
47 105
11 87
94 14
47 25
95 81
6 65
37 15
47 27
61 85
62 85
70 100
22 94
113 57
96 81
71 68
48 113
72 68
73 68
97 81
18 73
98 81
51 47
56 80
108 44
37 100
105 23
48 25
99 50
102 76
92 51
116 42
9 79
57 80
117 95
25 5
59 96
117 42
59 43
60 43
93 51
32 37
54 111
55 111
56 111
38 15
58 113
57 111
58 111
34 112
35 112
36 112
10 56
11 56
37 112
12 56
38 112
39 112
40 112
13 56
14 56
1 35
15 56
16 56
47 20
48 20
49 20
50 20
51 20
52 20
17 56
53 20
41 108
48 27
41 112
53 50
54 20
39 15
98 63
42 112
18 56
7 65
8 68
53 13
10 79
2 52
55 20
45 32
47 35
56 20
23 94
38 100
57 20
101 71
36 44
49 27
9 68
10 68
11 68
12 68
13 68
14 68
15 68
38 85
86 99
72 98
50 102
52 47
105 60
106 60
107 60
39 107
108 60
37 44
109 60
114 87
112 16
88 10
115 19
51 102
116 19
42 76
38 44
89 10
60 4
33 37
95 14
96 14
79 34
97 14
90 10
91 10
106 23
107 23
97 7
61 4
98 7
62 4
63 4
98 14
100 5
74 62
99 7
100 50
34 37
108 23
100 7
50 27
101 5
26 5
62 49
98 30
109 44
110 44
53 47
78 37
111 44
117 32
94 31
116 38
102 71
117 38
112 44
69 26
97 0
98 0
99 0
1 4
115 0
2 4
8 65
12 49
113 44
99 63
114 44
115 44
116 44
110 60
117 44
111 60
68 107
112 60
113 16
114 16
113 60
56 57
74 28
92 10
117 19
49 25
59 20
93 10
115 16
116 16
35 37
116 0
117 0
50 25
54 47
94 10
61 41
39 44
62 41
60 20
109 23
75 28
99 30
100 30
61 20
95 10
101 30
102 30
63 41
62 20
70 26
63 20
24 94
75 62
43 76
19 71
40 15
98 62
39 85
96 10
55 47
102 5
97 10
103 5
78 2
104 5
110 23
105 5
64 4
99 14
98 10
100 14
111 23
99 10
40 44
61 43
106 5
63 85
100 10
112 23
39 100
101 14
40 100
60 96
99 62
49 113
55 72
41 15
117 16
71 26
56 72
80 34
16 68
59 17
72 26
41 44
3 52
100 63
101 63
102 63
103 63
104 63
105 63
106 63
43 112
44 112
54 13
10 36
58 20
45 112
20 17
21 17
41 100
116 93
42 100
43 100
81 103
3 4
42 44
4 4
5 4
43 44
73 26
63 49
54 63
81 34
107 35
82 34
74 26
76 28
75 26
76 26
110 105
111 105
112 105
114 60
6 4
7 4
66 74
40 85
41 85
44 44
77 26
78 26
64 49
65 49
44 100
42 85
45 100
20 71
21 71
83 34
55 63
101 7
102 7
56 47
62 91
42 108
66 49
104 101
0 21
46 112
47 112
40 107
43 108
44 108
63 91
46 100
41 107
67 74
54 50
57 57
15 91
55 50
11 79
58 57
51 21
12 87
10 114
22 71
51 25
79 26
79 2
80 2
17 114
102 14
51 27
47 100
52 27
27 5
101 10
13 87
45 44
52 25
53 25
48 100
100 62
64 41
67 49
12 79
81 2
18 114
82 2
65 4
57 47
43 85
114 57
113 78
108 65
74 68
109 65
115 57
55 13
8 4
116 57
68 49
92 36
42 107
117 57
115 60
13 49
52 102
54 25
62 43
110 65
111 65
100 43
69 49
51 29
59 58
55 25
58 80
101 43
53 102
99 81
93 54
94 54
95 54
55 3
56 3
25 59
44 85
17 68
0 81
57 3
58 3
22 17
18 68
113 23
80 36
46 63
49 100
103 14
47 63
103 30
95 31
23 17
45 108
104 14
108 35
105 14
24 17
104 30
2 74
56 63
103 7
56 25
45 89
49 40
57 115
99 113
58 115
84 110
100 113
46 116
14 87
89 109
101 113
87 111
62 112
63 112
0 116
102 113
47 116
99 115
103 113
1 81
54 102
46 89
25 94
2 81
57 25
2 35
1 21
48 112
49 112
45 85
11 36
46 108
16 91
47 89
19 56
56 50
3 81
26 94
47 108
20 56
44 76
21 56
43 6
44 6
46 44
43 107
27 94
50 112
46 85
2 21
57 50
0 58
1 58
2 58
22 56
48 108
87 99
45 76
42 15
51 112
52 112
47 85
53 112
49 108
50 100
4 52
51 100
3 21
46 76
47 76
52 100
48 85
53 79
113 105
23 56
48 76
53 100
24 56
25 56
58 50
26 56
50 108
47 44
54 112
27 56
55 112
44 107
46 32
117 93
59 94
48 89
60 94
52 21
3 58
3 35
4 58
53 21
28 56
4 21
5 21
104 102
4 35
6 21
49 89
51 108
45 107
47 32
29 56
52 108
49 85
5 52
6 52
5 58
30 56
31 56
32 56
33 56
6 58
34 56
58 6
56 13
0 7
11 6
12 6
13 6
12 36
13 36
14 36
15 36
16 36
7 21
7 58
105 101
48 32
46 107
109 77
49 32
35 56
28 5
50 32
0 51
50 85
110 77
47 107
29 5
54 100
101 50
68 74
48 107
36 56
64 91
109 35
30 5
56 112
1 51
8 58
37 56
57 112
17 91
49 30
50 30
25 17
14 6
38 56
39 56
40 56
41 56
42 56
58 112
13 79
8 21
9 21
43 56
5 35
49 107
2 51
6 35
7 52
51 32
44 56
48 35
49 35
48 105
7 35
10 21
45 56
14 79
15 87
46 56
50 35
61 94
8 35
27 65
12 5
40 10
41 10
42 10
43 10
63 109
90 109
91 109
44 10
58 47
108 111
117 111
45 10
46 10
47 10
116 60
117 106
0 48
58 25
50 107
102 43
1 48
70 49
43 15
64 85
103 71
75 68
100 81
96 54
97 54
56 37
104 71
0 26
101 81
51 85
83 2
104 7
38 1
31 5
71 49
16 87
105 30
80 26
76 62
2 48
0 2
57 13
48 44
4 81
49 44
103 43
65 39
102 50
107 63
15 79
50 44
9 65
115 87
105 71
62 94
51 44
17 87
1 26
49 76
116 87
55 100
65 91
50 89
111 77
112 77
19 68
57 72
61 96
10 65
16 79
56 100
114 23
14 49
57 100
60 17
81 26
66 39
64 20
82 26
18 87
65 20
116 71
106 71
117 71
66 20
19 87
52 85
17 79
69 74
60 58
8 52
72 49
112 65
61 58
49 105
62 58
57 63
63 58
47 56
113 65
76 68
102 81
65 85
104 43
117 60
117 45
48 10
49 10
50 10
51 10
55 102
57 22
50 76
50 40
51 76
51 40
58 72
52 44
52 10
100 115
53 10
54 10
55 114
102 111
55 10
103 111
46 39
47 39
101 115
56 10
15 49
23 71
57 10
102 115
58 10
48 39
44 15
58 22
15 11
52 40
56 114
24 71
33 115
49 39
57 73
16 11
26 59
52 0
53 40
45 15
114 105
115 105
46 15
53 44
54 44
51 89
48 116
3 51
67 110
104 113
49 116
85 110
105 113
58 5
113 6
114 6
12 16
108 114
109 114
110 114
106 113
107 113
4 51
54 40
50 116
108 113
116 105
117 105
88 111
1 116
103 115
109 113
51 116
52 116
110 113
111 114
112 114
58 63
113 114
114 114
115 114
10 115
58 100
116 114
117 114
111 113
53 116
54 116
55 116
86 110
112 113
56 116
113 113
57 116
89 111
64 109
17 11
36 37
65 109
18 11
52 89
2 26
55 44
56 44
19 11
20 11
66 109
56 102
21 11
50 39
51 39
115 6
22 11
52 39
58 73
116 6
37 37
13 16
23 11
24 11
25 11
14 16
15 16
34 115
90 111
58 116
114 113
2 116
55 40
117 6
38 37
57 114
26 11
26 17
27 11
104 115
58 114
11 115
53 39
54 39
0 115
56 40
104 111
28 11
1 115
105 115
53 85
29 11
57 40
106 115
30 11
105 111
31 11
55 39
58 40
27 17
56 39
32 11
28 17
2 115
87 110
33 11
34 11
107 115
108 63
0 41
108 115
1 41
2 41
3 41
47 15
109 115
115 113
116 113
35 11
36 11
25 71
117 113
4 41
53 89
53 0
54 0
48 15
52 32
88 110
67 108
68 108
5 41
69 108
49 15
68 110
20 87
54 89
53 32
6 41
50 15
37 11
83 114
64 112
38 11
39 11
92 109
3 48
110 115
84 114
111 115
35 115
117 109
40 11
116 110
41 11
117 110
93 109
94 109
42 11
95 109
102 10
103 50
28 94
58 13
