95 94
16 0
67 44
55 92
50 8
5 75
8 93
35 56
52 12
50 9
43 18
43 19
9 47
1 92
52 13
52 14
12 71
35 57
50 10
12 72
29 47
60 24
48 25
60 11
3 32
43 20
42 19
12 73
60 25
43 21
42 20
43 22
43 23
50 11
18 51
9 48
52 15
45 20
52 16
42 21
5 47
45 21
48 26
52 17
45 22
42 22
12 74
45 23
60 26
9 49
52 18
32 47
5 76
48 27
54 19
52 19
60 27
50 12
9 50
9 51
50 13
52 20
50 14
43 24
52 21
50 15
43 25
48 28
42 23
5 77
9 52
50 16
60 28
9 53
49 0
9 54
42 24
43 26
50 17
9 55
52 22
9 56
31 31
49 1
50 18
50 19
9 57
42 25
50 20
50 21
50 22
3 33
92 18
92 19
1 2
63 60
92 20
84 21
84 22
66 8
78 0
81 37
74 8
87 38
74 9
61 47
67 45
16 1
78 22
89 9
87 39
89 10
89 11
89 12
89 13
89 14
89 15
89 0
89 1
18 52
18 53
9 58
18 54
9 59
9 60
9 61
19 88
29 48
84 23
46 77
55 93
53 47
56 47
46 78
53 48
56 48
82 40
46 79
53 49
38 19
36 9
46 3
32 48
46 4
17 58
18 55
38 20
36 10
38 21
46 5
38 22
4 52
30 64
28 37
64 49
78 23
61 48
78 24
0 60
0 61
0 62
79 51
73 92
83 74
79 52
73 93
75 84
74 47
74 48
74 49
74 50
88 63
74 51
74 52
52 69
64 85
74 53
62 75
62 76
62 77
52 70
52 71
52 72
52 73
52 74
83 75
88 64
74 54
71 71
79 53
74 55
74 56
83 76
74 57
80 25
78 1
77 33
77 34
77 35
80 26
78 2
35 58
80 27
14 67
14 68
1 3
12 75
14 69
12 76
19 89
19 90
21 89
80 28
14 70
23 82
60 29
21 90
19 91
21 91
12 77
21 92
19 92
21 93
14 71
9 62
66 41
66 42
9 63
9 64
9 65
9 66
76 5
9 67
76 6
74 10
74 11
9 68
67 7
35 59
5 78
29 49
5 79
5 80
5 81
5 82
5 83
60 30
71 0
6 47
6 48
6 49
6 50
6 51
46 80
67 81
68 60
77 65
92 66
65 87
67 82
79 54
83 77
71 72
65 81
88 65
88 66
65 82
92 67
88 67
65 88
92 68
88 68
65 83
83 78
88 69
92 69
1 47
71 73
71 74
83 79
82 47
88 70
88 71
88 72
77 66
71 75
77 67
83 80
71 76
71 77
68 61
88 73
77 68
77 69
74 58
68 62
92 70
83 81
77 70
83 82
87 47
68 63
68 64
79 55
65 89
68 65
88 74
29 50
82 48
71 78
77 71
65 90
71 79
76 47
79 56
71 80
68 66
79 57
77 72
71 81
71 82
88 75
71 83
71 84
68 67
71 85
76 48
83 83
83 84
0 23
23 44
74 59
1 48
67 83
65 91
67 84
79 58
83 85
83 86
88 76
67 85
83 87
71 86
79 59
79 60
74 60
83 88
71 87
68 68
71 88
74 61
71 89
83 89
46 81
35 60
76 7
37 47
71 1
3 34
67 46
28 26
90 38
24 68
56 49
24 77
71 2
78 25
41 59
23 45
24 78
23 46
68 0
68 1
68 2
3 35
6 52
60 31
6 53
60 32
24 0
6 54
63 9
5 48
78 26
74 12
71 3
74 13
87 48
74 14
72 0
40 47
37 48
60 12
50 23
28 27
46 82
24 79
48 0
78 27
28 28
1 4
76 8
56 0
1 5
60 13
1 6
1 7
50 24
46 83
68 3
78 28
35 61
37 49
77 36
63 10
63 11
63 12
77 37
63 13
76 30
63 14
76 31
63 15
63 16
63 17
63 18
63 19
63 20
27 5
27 16
27 17
27 18
27 19
56 18
27 20
57 0
40 48
68 4
57 1
13 6
57 2
57 3
40 49
37 50
63 21
63 22
32 57
32 58
32 59
32 60
32 61
32 62
4 47
32 84
32 85
32 86
32 63
32 64
32 65
22 47
22 48
38 23
22 49
22 50
14 72
22 51
83 90
67 86
83 91
68 69
65 92
88 77
71 90
76 49
88 78
68 70
29 80
76 50
68 71
65 93
68 72
68 73
82 49
67 87
82 50
77 73
82 51
88 79
83 92
88 80
68 74
83 93
77 74
87 49
74 62
84 47
66 47
74 63
92 71
79 61
68 75
71 91
78 29
78 30
1 49
76 51
72 1
72 2
72 3
72 4
78 31
3 36
80 29
56 1
82 41
56 2
31 32
78 32
67 16
17 59
77 75
3 37
24 1
14 73
81 88
1 50
14 74
14 75
1 93
2 47
2 48
4 62
2 49
2 50
0 47
1 88
4 53
1 89
29 51
29 52
29 53
17 60
1 8
72 5
63 23
17 61
53 50
36 86
36 87
74 15
46 6
29 54
74 16
3 38
45 24
78 33
3 39
78 34
68 5
76 32
78 35
9 69
17 62
14 76
60 33
74 17
1 9
36 88
2 51
4 63
2 52
4 64
2 53
1 10
2 54
4 54
2 55
4 65
2 56
2 57
2 58
4 66
2 59
4 67
46 84
1 11
26 55
26 56
26 57
9 70
26 58
25 79
16 84
26 59
78 36
25 80
82 42
57 75
25 81
53 51
87 40
84 24
84 25
90 11
84 26
12 78
84 27
87 41
84 28
61 49
62 72
84 29
82 43
84 30
90 12
82 44
86 26
84 0
56 50
78 37
26 60
26 61
26 62
26 63
26 64
26 65
26 66
26 67
26 68
26 69
26 70
26 71
26 72
26 73
26 74
26 75
26 76
26 77
34 28
84 31
90 13
84 32
24 2
90 14
56 51
46 85
1 12
1 13
90 0
26 78
26 79
26 80
26 81
26 82
26 83
57 76
54 20
81 38
78 38
78 39
56 52
87 42
1 14
87 43
22 52
34 29
32 66
52 23
15 22
76 33
63 24
63 0
63 1
76 34
63 25
42 0
84 33
84 34
66 9
78 3
84 35
74 18
84 36
74 19
74 20
74 21
78 4
60 14
38 84
68 6
58 28
92 21
72 6
78 40
36 89
37 51
1 15
1 16
63 61
63 62
92 22
92 23
92 24
46 86
5 49
6 55
16 2
3 40
38 85
37 52
76 9
24 80
68 7
92 25
92 26
92 27
92 28
64 50
92 29
92 30
63 63
1 17
90 39
68 8
87 44
42 1
36 90
78 41
46 87
46 88
35 42
41 60
72 7
32 49
78 42
72 8
72 9
72 10
72 11
23 83
16 76
16 77
23 84
23 85
16 78
23 86
24 81
68 9
81 39
80 30
0 63
81 40
76 35
80 31
3 41
24 82
3 42
36 91
35 62
37 53
78 43
15 23
56 53
91 27
90 1
91 28
90 2
91 29
90 15
91 30
90 3
91 31
90 4
58 29
86 27
87 45
87 46
54 21
86 28
68 10
54 22
58 0
46 7
88 0
60 34
12 79
16 3
93 12
94 18
93 13
0 29
93 14
54 23
64 51
68 47
93 15
93 16
64 52
94 19
61 50
54 24
1 18
84 37
68 11
57 51
24 83
72 12
82 45
82 46
46 89
46 90
38 47
46 91
46 92
46 93
47 47
47 48
68 12
47 49
60 35
62 73
91 32
63 64
88 1
35 63
3 43
83 0
68 13
35 64
41 61
3 44
68 14
68 15
40 50
81 41
72 13
72 14
72 15
72 16
78 44
72 17
72 18
60 36
74 22
74 23
1 19
49 50
83 1
78 45
47 50
40 51
68 16
68 17
24 84
83 2
30 47
78 46
68 18
47 51
64 53
54 25
93 17
54 26
64 54
93 18
64 55
64 56
94 20
64 57
0 30
94 21
64 58
93 19
64 59
1 20
67 17
16 47
12 80
24 3
60 37
17 63
16 48
54 27
52 24
40 52
5 50
50 25
54 28
3 45
60 38
52 25
0 31
61 51
92 72
61 52
60 39
88 2
47 52
61 53
54 29
58 30
86 29
0 32
86 30
58 31
43 47
86 31
86 32
88 3
54 30
58 32
60 40
58 33
58 34
58 35
0 33
54 31
64 60
64 61
68 19
7 26
46 8
54 32
60 41
46 9
68 20
46 10
58 36
58 1
83 3
66 43
86 33
66 44
66 45
86 34
86 35
61 54
61 55
88 4
83 4
58 37
58 2
68 21
54 33
58 3
58 38
83 5
58 39
60 42
86 36
86 37
86 38
58 4
58 40
58 5
58 41
58 42
14 77
68 48
1 21
93 20
61 56
4 55
24 4
93 21
93 22
68 49
68 50
66 48
79 62
88 81
84 48
84 49
87 50
71 92
88 82
84 50
87 51
82 52
67 88
67 89
66 49
77 76
66 50
84 51
88 83
77 77
88 84
69 47
43 48
27 21
42 2
24 5
62 78
62 89
20 0
20 1
57 77
57 78
57 79
57 80
80 32
78 5
88 85
92 47
1 51
92 48
84 52
78 6
81 42
79 0
79 1
43 49
88 86
92 49
74 64
84 53
79 63
79 64
79 65
64 86
74 65
1 52
6 56
48 1
6 57
50 26
52 26
9 71
9 72
13 7
19 93
13 8
13 9
35 87
13 10
13 11
13 12
13 13
54 34
13 14
54 35
13 15
35 88
13 16
46 11
13 17
13 18
35 89
13 19
13 20
13 21
13 22
1 22
13 23
15 11
7 27
13 24
9 73
3 0
13 25
32 50
35 90
9 74
13 26
32 51
15 12
9 75
13 27
6 58
52 27
50 27
48 2
43 27
45 25
49 2
18 56
60 43
24 6
1 53
75 85
81 89
75 86
80 88
75 87
86 72
86 73
86 74
14 78
86 75
86 76
86 77
87 70
81 90
80 89
81 91
81 92
87 71
81 93
86 78
82 57
82 58
86 79
80 90
82 59
86 80
80 91
82 60
86 81
80 92
75 88
87 72
71 93
75 89
67 90
82 61
86 82
1 54
82 62
82 63
87 73
86 83
87 74
67 91
15 24
67 92
66 10
30 48
7 28
57 4
63 26
12 33
49 54
18 57
0 48
16 4
7 29
15 25
18 58
7 30
10 41
10 42
12 34
16 5
20 2
0 49
10 43
7 31
7 32
7 33
10 44
7 34
7 35
64 0
7 36
0 50
7 37
27 22
3 5
64 1
7 38
7 39
7 40
7 41
20 3
34 48
14 79
20 4
10 45
16 6
7 42
16 7
6 0
10 46
16 8
6 1
7 43
11 0
18 59
6 2
7 44
0 0
11 1
16 9
7 45
7 46
11 2
6 3
11 3
3 6
11 4
20 5
8 0
8 1
11 5
16 10
11 6
30 65
16 11
11 7
11 8
11 9
8 2
8 3
30 49
8 4
16 12
8 5
8 6
6 4
11 10
8 7
11 11
8 8
8 9
6 5
11 12
30 50
16 13
16 14
20 6
16 15
53 52
42 3
53 53
34 77
53 54
57 52
43 50
68 22
53 55
53 56
43 51
79 66
57 81
34 78
43 52
53 57
53 58
35 65
66 11
53 59
42 51
3 85
43 53
47 53
49 3
3 86
3 87
32 52
9 76
4 48
38 24
38 25
38 26
6 59
12 35
46 12
46 13
38 27
17 64
38 28
38 29
17 65
35 43
36 11
38 86
3 46
38 30
38 31
83 6
38 32
38 33
66 12
66 13
53 60
83 7
1 23
52 28
1 24
49 4
35 44
6 60
60 44
38 34
36 92
3 88
12 81
40 53
64 2
57 5
20 47
22 53
14 80
12 82
22 54
22 55
22 56
14 81
14 82
23 87
20 48
14 83
74 24
61 57
57 82
60 45
43 54
84 38
43 55
43 56
84 39
81 43
84 1
89 16
89 17
84 2
43 57
15 26
24 85
38 48
81 44
60 15
1 25
64 3
43 58
36 93
4 0
68 23
4 1
38 87
43 59
66 51
38 88
43 60
80 33
24 86
80 34
67 93
80 35
43 61
0 64
24 87
68 24
47 54
72 47
38 89
63 65
6 61
4 68
57 6
69 48
6 62
17 66
6 6
17 67
20 49
63 66
92 31
24 7
74 25
92 32
4 2
6 63
47 55
6 64
60 46
4 3
27 6
57 46
6 65
24 8
20 50
20 51
34 49
31 72
20 52
20 53
22 57
31 73
20 54
22 58
20 55
12 83
54 36
38 35
33 47
50 28
38 36
36 12
38 37
6 66
46 14
46 15
38 38
38 39
18 60
38 40
36 13
35 45
46 16
38 41
34 50
34 51
34 52
38 42
12 84
38 43
46 17
38 44
37 37
38 45
54 37
6 67
12 85
6 68
38 46
39 0
33 48
46 18
39 1
39 2
46 19
37 38
39 3
53 61
47 56
47 57
84 40
54 38
46 20
37 39
46 21
46 22
33 49
24 69
54 39
46 23
46 24
39 4
58 43
39 5
39 6
46 25
37 40
46 26
39 7
39 8
9 77
39 9
39 10
36 14
37 41
39 11
39 12
12 86
36 15
12 87
20 7
57 53
60 84
57 83
57 84
20 8
57 85
49 55
49 56
49 57
18 61
49 58
18 62
60 85
57 86
57 87
49 59
42 52
49 60
49 61
42 53
57 88
43 62
57 89
57 54
49 62
57 90
49 63
22 28
22 29
20 9
4 4
20 10
20 11
57 91
20 12
20 13
42 54
37 54
57 55
4 5
49 64
57 56
47 58
62 74
49 65
42 55
57 57
49 66
42 56
49 67
57 92
16 16
60 86
60 87
60 88
57 93
60 89
49 68
53 62
47 59
49 69
58 47
47 60
20 14
43 63
49 70
20 15
58 48
49 71
30 66
49 72
58 49
16 17
58 50
58 51
16 18
57 58
49 73
47 61
49 74
60 90
16 19
43 64
26 2
0 24
32 67
32 87
20 56
22 59
22 60
20 57
22 61
22 62
4 56
22 63
4 6
2 60
81 45
72 19
72 20
56 3
56 4
14 84
56 5
53 63
74 26
79 2
56 6
56 7
2 61
9 78
2 62
2 63
4 7
4 8
29 55
29 56
1 26
29 57
16 49
2 64
14 85
2 65
2 66
2 67
2 68
4 69
2 69
4 57
2 70
2 71
2 72
2 73
2 74
2 75
22 64
20 58
9 79
20 59
34 53
20 60
40 54
20 61
31 74
20 62
20 63
31 75
31 76
22 65
20 64
20 65
20 66
9 80
22 66
31 77
4 9
35 66
24 88
38 90
37 55
52 75
68 25
0 65
38 91
4 10
35 67
56 54
61 58
68 26
38 92
24 89
66 52
62 79
23 29
72 21
35 68
4 11
74 27
72 22
64 4
72 23
20 67
14 86
22 67
14 87
20 68
22 68
20 69
22 69
14 88
14 89
14 90
14 91
12 88
22 70
12 89
23 88
20 70
60 16
47 62
61 0
61 1
63 47
68 27
47 63
68 28
46 27
49 75
38 93
30 67
47 64
24 90
88 5
86 39
91 33
88 6
91 34
56 55
91 35
90 5
91 36
91 37
91 38
90 6
89 28
91 39
90 7
91 40
90 16
90 8
68 29
1 27
47 65
63 48
25 82
61 2
29 58
6 69
23 89
23 90
23 91
16 79
23 92
80 36
43 65
4 12
39 47
68 30
68 31
1 28
72 24
72 25
72 26
72 27
64 5
72 28
93 23
72 29
68 32
72 30
72 31
66 46
72 32
72 33
4 13
72 34
72 35
68 33
39 48
38 49
81 46
41 62
38 50
68 34
41 63
43 66
43 67
24 91
4 14
68 35
24 9
68 36
4 15
42 57
68 37
61 59
43 68
40 55
68 38
68 39
35 69
43 69
43 70
54 40
24 92
60 17
14 92
9 81
76 10
9 82
74 28
9 83
9 84
6 70
9 85
6 71
9 86
6 72
74 29
68 40
6 73
74 30
76 11
54 41
68 41
15 27
61 3
6 74
43 71
6 75
6 76
88 87
0 66
0 67
0 68
0 69
86 40
88 7
14 93
86 41
58 6
86 42
68 42
61 4
61 5
58 7
82 0
39 49
68 43
82 1
0 70
20 16
82 2
57 59
77 78
80 37
80 38
80 39
35 70
63 67
24 93
25 47
25 48
4 16
1 29
38 51
1 30
0 71
0 72
0 73
0 74
0 75
58 8
58 44
58 45
61 60
58 46
86 43
61 6
88 8
86 44
88 9
88 10
61 61
61 7
61 8
54 42
40 56
61 62
94 22
94 23
64 62
82 64
2 76
16 20
46 28
46 29
77 38
86 45
64 63
59 0
54 43
30 51
61 63
58 9
86 46
58 10
37 56
79 3
67 18
30 68
61 9
83 8
39 50
68 44
16 50
39 13
43 72
68 45
4 17
17 68
67 19
30 52
43 73
66 14
61 10
61 11
67 20
43 74
67 21
4 18
52 29
4 19
38 52
18 63
61 12
24 10
54 44
38 53
37 57
88 11
15 28
84 41
83 9
20 71
40 57
24 11
4 20
68 46
31 78
25 49
92 33
4 21
35 71
69 0
92 34
39 51
6 77
16 21
4 22
5 51
16 22
90 17
90 18
90 19
80 40
79 4
74 31
24 12
66 53
74 32
84 42
74 33
79 5
74 34
80 41
74 35
84 43
76 12
76 13
4 23
4 24
69 1
63 68
43 75
72 36
79 6
79 7
69 2
35 72
18 64
67 22
87 0
87 1
59 1
40 58
88 12
88 13
88 14
59 2
58 11
88 15
87 2
54 45
54 46
88 16
55 0
59 3
87 3
58 12
59 4
88 17
55 1
88 18
87 4
88 19
88 20
58 13
50 29
58 14
93 24
93 25
64 64
94 24
0 34
94 25
87 5
64 65
64 66
64 67
94 26
64 68
61 13
61 14
94 27
94 28
93 26
64 69
64 70
94 29
64 71
64 72
64 73
35 73
93 27
93 28
64 74
60 18
0 35
93 29
94 30
64 75
64 76
68 51
61 15
87 6
64 87
88 88
84 54
92 50
92 51
92 52
39 52
92 53
92 54
84 55
92 55
88 89
88 90
52 76
52 77
52 78
79 67
75 90
39 53
62 80
4 25
74 66
86 84
84 56
52 79
52 80
52 81
84 57
79 68
79 69
74 67
84 58
74 68
79 70
79 71
74 69
88 91
79 72
42 26
79 73
74 70
74 71
74 72
84 59
84 60
74 73
74 74
42 58
84 61
74 75
88 92
84 62
46 30
39 14
39 15
46 31
22 71
22 72
39 16
6 78
17 69
36 16
55 2
55 3
39 17
25 50
53 64
53 65
39 18
12 90
4 26
61 16
43 76
46 32
43 77
39 19
46 33
9 87
46 34
43 78
17 70
46 35
37 42
37 43
39 20
39 21
55 4
36 17
36 18
55 5
46 36
35 74
46 37
36 19
33 50
39 22
61 17
55 6
35 46
46 38
9 88
6 79
39 23
36 20
39 24
33 51
39 25
46 39
17 71
46 40
4 27
6 80
6 81
5 52
6 82
38 54
64 6
5 53
5 54
67 23
16 51
1 31
80 42
37 58
67 8
38 55
38 56
25 51
40 59
1 32
25 52
61 64
85 0
88 21
84 3
69 3
74 36
89 2
85 1
89 3
63 69
63 70
52 30
12 91
32 68
4 28
52 31
32 69
15 29
32 70
32 71
15 30
82 3
76 14
35 75
1 33
67 9
61 18
69 4
72 37
4 29
74 37
69 5
4 30
47 66
27 7
38 57
57 7
1 34
57 8
1 35
57 9
57 10
33 52
57 11
57 12
40 60
4 31
4 32
57 13
64 7
64 8
40 61
66 15
61 19
64 9
77 39
64 10
64 11
64 12
77 40
77 41
64 13
77 42
64 14
64 15
64 16
76 36
64 17
27 23
27 24
27 25
27 26
27 27
64 18
76 37
76 38
64 19
76 39
76 40
20 17
64 20
76 41
77 43
64 21
64 22
77 44
64 23
34 79
53 66
53 67
34 80
34 81
34 82
34 83
42 4
53 68
53 69
56 8
53 70
30 69
61 20
63 49
61 65
61 66
61 67
17 72
46 41
16 23
53 71
40 62
37 59
16 24
20 18
12 92
46 42
61 21
20 19
53 72
53 73
44 47
53 74
53 75
53 76
53 77
34 84
34 85
56 56
44 48
55 7
3 89
41 64
1 55
39 26
61 22
3 90
3 91
12 93
66 16
55 8
67 24
55 9
16 52
74 38
24 13
46 43
39 27
46 44
39 28
39 29
15 47
39 30
46 45
33 53
39 31
17 73
18 65
46 46
36 21
36 22
36 23
6 83
39 32
39 33
4 33
55 10
1 36
66 17
36 24
44 49
9 89
41 65
55 11
50 30
67 0
61 23
6 84
16 53
36 25
61 24
50 31
39 34
55 12
18 66
27 28
20 72
27 29
27 30
20 20
27 31
26 84
26 85
26 86
16 85
26 87
26 88
26 89
16 86
25 83
16 87
25 84
26 90
16 88
31 79
47 67
56 57
69 6
40 63
72 38
67 25
47 68
56 58
88 22
84 4
85 2
88 23
88 24
86 16
88 25
86 17
88 26
85 3
69 7
15 31
37 60
1 37
85 4
85 5
85 6
83 10
88 27
82 53
85 7
85 8
63 50
85 9
88 28
30 70
85 10
85 11
22 73
26 91
26 92
26 93
27 47
27 48
27 49
27 50
27 51
25 85
27 52
27 53
27 54
27 55
27 56
27 57
27 58
27 59
27 60
31 80
23 30
47 69
6 85
47 70
53 78
6 86
47 71
47 72
12 36
88 29
43 28
27 8
4 34
69 8
29 59
6 87
5 55
74 39
69 9
69 10
15 32
18 67
6 88
0 51
16 25
16 26
16 27
17 0
17 1
17 2
20 73
17 3
17 4
17 5
17 6
17 7
17 8
31 33
53 79
27 61
27 62
27 63
27 64
85 12
83 11
41 66
47 73
56 59
56 60
56 61
41 67
47 74
53 80
47 75
55 13
36 0
47 0
47 1
39 35
47 2
20 74
39 36
36 26
18 68
15 48
1 56
15 49
15 50
30 53
15 51
15 52
1 57
1 58
77 79
40 64
87 7
30 71
25 53
90 20
4 35
4 36
44 50
34 30
69 11
61 68
44 51
15 33
1 38
15 34
27 32
15 35
35 76
39 54
39 55
38 58
92 35
92 36
27 65
27 66
27 67
27 68
27 69
27 70
27 71
27 72
69 12
4 37
44 52
72 39
69 13
57 14
34 31
69 14
13 28
42 5
80 43
64 24
1 39
83 12
41 68
72 40
83 13
53 81
53 82
44 53
30 72
24 14
61 25
64 25
74 40
80 44
64 26
28 29
72 41
74 41
67 10
28 30
24 15
63 71
25 54
76 15
86 18
76 16
50 32
50 33
86 19
74 42
12 37
76 42
76 43
76 17
76 44
87 8
35 77
82 4
88 30
85 13
85 14
85 15
85 16
87 9
89 18
85 17
85 18
15 53
85 19
18 69
18 70
18 71
9 90
9 91
18 72
29 60
18 73
18 74
18 75
18 76
20 75
20 76
20 77
69 15
79 8
79 9
69 16
44 54
44 55
22 74
77 45
79 10
77 46
44 56
13 47
13 48
22 75
22 76
22 77
13 49
24 16
28 0
37 0
37 1
37 2
37 3
37 4
37 5
37 6
6 89
37 7
31 34
31 35
31 36
31 37
31 38
39 56
28 1
31 39
53 83
24 17
31 40
28 2
24 18
28 3
31 41
28 4
31 42
28 5
28 6
29 0
29 1
29 2
29 3
29 4
29 5
24 19
29 6
34 32
83 14
34 33
31 43
31 44
24 20
37 8
31 45
31 46
29 7
29 8
32 0
32 1
55 14
38 59
34 34
32 2
61 26
53 84
84 63
83 15
83 16
34 54
24 21
0 25
32 3
24 22
53 85
53 86
29 9
29 10
29 11
29 12
29 13
32 4
29 14
29 15
24 23
29 16
29 17
29 18
29 19
29 20
29 21
29 22
29 23
32 5
32 6
53 87
32 7
53 88
29 24
32 8
24 24
34 35
32 9
32 10
24 25
53 89
24 26
39 57
32 11
29 25
32 12
32 13
34 36
34 37
29 26
27 33
27 34
22 30
0 14
22 31
22 32
0 15
22 33
22 34
22 78
53 90
1 40
26 3
26 4
26 5
17 9
26 6
22 35
37 61
69 49
37 62
69 50
80 45
17 10
17 11
17 12
17 13
22 36
17 14
20 21
20 22
20 23
20 24
22 37
17 15
26 7
4 38
58 52
58 53
49 76
58 54
24 27
49 77
44 57
52 56
49 78
58 55
58 56
58 57
42 59
41 69
49 79
20 25
60 91
60 92
49 80
49 81
49 82
44 58
49 83
9 92
18 77
49 84
53 91
17 16
15 54
20 26
20 27
20 28
8 10
12 38
20 29
15 55
34 55
8 11
8 12
8 13
11 13
1 41
8 14
11 14
17 17
6 7
11 15
6 8
0 7
11 16
6 9
30 73
11 17
8 15
8 16
8 17
20 30
18 78
8 18
8 19
8 20
8 21
11 18
0 8
30 74
20 31
0 9
8 22
20 32
11 19
20 33
34 56
8 23
12 39
30 75
11 20
11 21
17 18
6 10
23 31
8 24
8 25
11 22
17 19
0 1
7 0
8 26
12 40
11 23
8 27
3 7
8 28
7 1
8 29
3 8
8 30
7 2
0 52
0 2
7 3
7 4
8 31
8 32
17 20
30 76
17 21
8 33
20 34
8 34
0 10
30 77
11 24
17 22
8 35
7 5
8 36
17 23
17 24
7 6
64 27
8 37
8 38
4 39
11 25
8 39
11 26
0 53
20 35
8 40
17 25
7 7
64 28
57 15
8 41
4 40
28 38
88 93
17 26
11 27
17 27
11 28
8 42
17 28
64 29
8 43
20 36
3 9
11 29
4 41
3 10
3 11
7 8
0 11
8 44
17 29
20 37
20 38
8 45
11 30
17 30
8 46
9 0
11 31
9 1
9 2
9 3
9 4
11 32
34 57
11 33
12 41
34 58
17 31
9 5
17 32
11 34
7 9
30 78
17 33
7 10
11 35
11 36
9 6
17 34
17 35
9 7
39 58
11 37
9 8
20 39
9 9
30 79
11 38
3 12
9 10
11 39
17 36
7 11
9 11
11 40
9 12
9 13
9 14
0 3
3 13
11 41
7 12
17 37
12 42
9 15
11 42
9 16
9 17
9 18
67 26
69 17
11 43
4 42
12 43
9 19
11 44
9 20
67 27
64 30
0 12
4 43
9 21
11 45
0 54
18 79
9 22
9 23
9 24
9 25
9 26
64 31
9 27
12 44
20 40
35 78
79 11
79 12
1 59
66 54
66 55
6 90
74 76
79 74
66 56
92 73
89 47
79 75
72 48
72 49
77 80
72 50
89 48
65 84
68 76
77 81
72 51
84 64
68 77
77 82
89 49
92 74
89 50
84 65
89 51
84 66
92 75
66 57
92 76
92 77
82 54
72 52
89 52
84 67
92 78
66 58
77 83
87 52
87 53
77 84
87 54
89 53
72 53
74 77
77 85
84 68
79 76
89 54
66 59
84 69
24 28
82 55
44 59
42 6
1 60
1 61
53 92
42 7
62 81
84 70
82 56
84 71
72 54
77 86
89 55
74 78
84 72
66 60
66 61
69 51
66 62
72 55
69 52
76 52
84 73
84 74
89 56
72 56
29 61
89 57
89 58
77 87
93 30
76 53
89 59
84 75
69 53
69 54
69 55
84 76
87 55
69 56
88 47
79 77
89 60
76 54
89 61
69 57
72 57
89 62
72 58
84 77
66 63
84 78
66 64
72 59
84 79
69 58
72 60
77 88
84 80
84 81
69 59
77 89
69 60
66 65
83 47
66 66
69 61
92 79
66 67
66 68
77 90
84 82
89 63
89 64
92 80
69 62
79 78
69 63
77 91
89 65
72 61
79 79
77 92
76 55
88 48
83 48
89 66
83 49
79 80
69 64
76 56
69 65
69 66
76 57
66 69
72 62
89 67
72 63
69 67
72 64
66 70
88 49
77 93
84 83
78 47
78 48
78 49
89 68
89 69
89 70
89 71
84 84
69 68
69 69
83 50
83 51
66 71
84 85
83 52
78 50
44 60
1 62
69 70
69 71
88 50
69 72
72 65
89 72
84 86
69 73
69 74
69 75
69 76
78 51
76 58
72 66
83 53
84 87
84 88
69 77
88 51
27 73
27 74
27 75
25 86
27 76
27 77
27 78
27 79
27 80
27 81
38 60
85 20
84 5
89 19
90 21
85 21
85 22
37 63
85 23
82 5
30 80
13 50
85 24
22 79
22 80
15 56
27 82
25 87
16 89
90 9
16 90
25 88
16 91
27 83
30 54
47 76
69 18
27 84
27 85
27 86
27 87
27 88
27 89
27 90
27 91
27 92
27 93
28 47
28 48
28 49
28 50
28 51
53 93
54 47
56 62
54 48
13 51
64 32
64 33
64 34
34 38
44 61
39 37
22 81
15 57
15 58
22 82
15 59
23 93
20 78
52 32
22 38
83 17
47 77
61 27
69 19
34 86
34 87
42 8
54 49
69 20
54 50
44 62
34 88
54 51
54 52
56 63
54 53
55 15
3 92
39 38
13 52
54 54
3 93
4 83
4 84
4 85
38 61
55 16
36 1
47 3
66 18
1 42
17 74
1 43
66 19
42 27
50 34
35 79
36 27
17 47
66 20
55 17
13 53
52 33
4 44
72 42
52 34
47 4
36 28
13 54
33 54
36 29
37 44
37 45
39 39
39 40
37 46
6 91
34 59
55 18
39 41
39 42
39 43
39 44
55 19
47 5
39 45
39 46
36 30
47 6
36 31
38 0
18 80
47 7
40 0
40 1
40 2
36 2
16 80
40 3
40 4
23 32
66 72
38 62
28 31
1 44
64 35
4 45
47 78
50 35
61 28
40 65
1 45
35 80
79 13
25 55
33 55
41 70
84 6
20 41
17 38
72 43
57 16
25 56
1 46
28 32
35 81
28 33
74 43
61 29
35 82
63 51
90 40
4 46
83 18
78 7
41 71
80 93
92 37
44 63
82 6
82 7
25 57
25 58
69 21
72 44
69 22
37 64
44 64
72 45
64 36
74 44
74 45
61 30
80 46
66 21
66 22
74 46
36 3
75 0
75 1
75 2
64 37
64 38
75 3
5 0
6 92
6 93
5 56
7 47
61 31
7 48
5 57
61 32
15 60
9 93
69 23
5 1
7 49
61 33
69 24
69 25
63 72
92 38
24 29
69 26
63 73
37 65
63 74
63 75
63 76
36 4
69 27
82 8
82 9
5 2
69 28
82 10
38 63
82 11
84 7
90 22
82 12
2 0
88 31
69 29
15 36
69 30
17 39
83 19
72 46
5 3
56 9
56 10
82 13
73 0
56 11
82 14
56 12
2 1
10 47
2 77
4 70
4 71
2 2
40 5
29 62
29 63
27 9
15 37
4 72
4 73
4 74
2 78
2 79
2 80
2 81
2 82
2 83
2 84
2 85
2 86
2 87
2 88
2 89
5 4
4 75
2 90
4 76
2 91
2 92
4 77
2 93
4 78
4 79
3 47
4 80
3 48
4 81
3 49
3 50
4 82
3 51
3 52
5 84
3 53
15 38
15 39
35 83
61 69
69 31
2 3
90 10
69 32
2 4
56 64
22 83
22 84
22 85
90 23
13 55
34 39
13 29
44 65
44 66
44 67
41 72
40 66
44 68
82 15
47 79
44 69
40 67
89 4
61 70
88 32
40 68
15 40
61 71
88 33
2 5
15 41
85 25
79 14
86 20
69 33
92 39
92 40
69 34
17 40
20 79
34 60
17 41
10 48
17 42
5 5
85 26
85 27
85 28
75 4
75 5
60 19
86 21
75 6
75 7
75 8
75 9
75 10
76 18
66 23
39 59
67 28
92 41
15 42
0 76
0 77
0 78
0 79
0 80
75 11
60 20
75 12
75 13
7 50
10 49
10 50
10 51
73 1
61 34
73 2
67 11
10 52
76 45
7 51
61 35
7 52
7 53
47 8
7 54
7 55
40 69
7 56
7 57
7 58
7 59
7 60
34 61
61 72
61 73
85 29
40 6
40 7
40 8
40 9
56 65
36 5
7 61
18 81
55 20
38 1
40 10
47 9
15 61
47 10
47 11
15 62
40 11
40 12
22 86
22 87
20 80
22 88
20 81
17 43
20 82
22 89
22 90
22 91
5 6
4 49
32 72
15 43
32 73
5 7
54 55
85 30
33 56
33 57
33 58
40 13
47 12
40 14
40 15
40 16
47 13
40 17
40 18
40 19
33 59
47 14
40 20
47 15
40 21
47 16
55 21
40 22
40 23
10 53
36 32
40 24
40 25
40 26
17 75
38 2
40 27
5 8
15 63
40 28
20 83
20 84
20 85
34 40
31 81
31 82
20 86
31 83
20 87
20 88
20 89
31 84
20 90
20 91
22 92
22 93
66 24
64 39
76 46
77 0
64 40
64 41
64 42
64 43
64 44
64 45
64 46
77 1
13 56
32 74
55 22
75 91
32 75
27 35
27 10
27 36
27 37
27 38
27 11
27 39
27 40
27 41
27 42
27 43
65 0
57 17
69 35
57 18
65 1
63 2
77 2
77 3
18 82
78 8
2 6
69 36
18 83
57 19
57 20
57 21
57 22
57 23
57 24
57 25
57 26
57 27
57 28
44 70
57 29
57 30
57 31
40 70
57 32
40 71
47 80
40 72
77 4
65 2
66 25
65 3
77 5
77 6
41 73
69 37
68 52
63 77
17 76
30 81
55 23
7 62
17 77
7 63
20 92
3 14
7 64
85 31
89 20
89 21
85 32
89 5
10 54
18 84
18 85
18 86
18 87
10 55
10 56
18 88
18 89
13 57
73 3
73 4
73 5
73 6
73 7
24 47
24 48
24 49
24 50
24 51
24 52
59 5
91 0
91 1
82 16
2 7
0 81
81 0
40 73
25 59
25 60
2 8
81 1
84 8
15 64
2 9
39 60
41 74
25 61
41 75
38 64
25 89
81 2
73 8
73 9
73 10
73 11
66 26
73 12
47 17
44 71
69 38
44 72
67 12
73 13
24 30
24 31
41 76
39 61
73 14
37 66
39 62
5 9
69 39
44 73
61 36
44 74
35 84
42 60
54 56
44 75
69 40
47 81
39 63
39 64
38 65
24 53
90 24
91 41
91 42
91 43
69 41
73 15
54 57
44 76
2 10
39 65
0 82
81 3
69 42
69 43
56 66
0 83
44 77
82 17
39 66
44 78
81 4
54 58
47 82
40 74
44 79
47 83
5 10
47 84
47 85
44 80
69 44
44 81
37 67
63 52
56 67
37 68
22 39
88 34
90 41
91 2
56 68
23 33
88 35
90 25
91 44
91 3
91 4
91 5
91 6
91 7
91 45
91 8
91 46
91 9
90 26
92 0
92 1
17 44
30 55
61 37
59 6
69 45
59 7
13 58
15 65
1 63
15 66
15 67
44 82
83 20
44 83
44 84
18 90
93 31
93 32
68 53
64 77
93 33
64 78
55 24
68 54
64 79
64 80
64 81
93 34
64 82
59 8
59 9
66 27
69 46
2 11
83 21
70 0
70 1
44 85
10 57
67 29
67 30
45 26
15 68
0 36
93 35
93 36
93 37
94 31
64 83
94 32
61 38
47 18
2 12
35 85
47 19
59 10
87 10
47 20
61 74
60 21
59 11
59 12
61 75
61 39
55 25
61 76
87 11
67 1
87 12
61 77
44 86
44 87
5 11
10 58
61 40
55 26
40 75
52 35
5 58
61 41
17 48
35 86
52 36
50 36
5 12
5 13
61 42
87 13
59 13
59 14
61 78
0 37
58 15
59 15
55 27
87 14
61 79
87 15
59 16
59 17
47 86
87 16
61 43
58 16
59 18
88 36
61 80
93 38
61 81
61 44
64 84
65 47
94 33
65 48
93 39
65 49
65 50
65 51
65 52
55 28
65 53
65 54
65 55
65 56
55 29
87 17
88 37
44 88
59 19
87 18
58 17
58 18
47 87
59 20
59 21
87 19
59 22
17 45
29 27
29 28
32 14
34 41
5 14
32 15
29 29
54 59
29 30
54 60
54 61
34 42
26 8
26 9
29 31
34 43
34 44
26 10
44 89
66 73
81 5
28 39
17 46
13 30
13 31
55 30
13 32
18 91
13 33
13 34
13 35
13 36
29 64
18 92
13 37
13 38
28 40
35 91
3 1
13 39
33 60
13 40
13 41
33 61
34 62
13 42
18 93
15 13
33 62
5 15
50 37
50 38
10 59
43 29
43 30
15 44
70 2
7 65
33 63
10 60
49 5
49 6
52 37
50 39
10 61
49 7
13 59
49 8
43 31
50 40
43 32
50 41
49 9
7 66
50 42
13 60
52 38
43 33
43 34
43 35
49 10
49 11
55 31
45 27
43 36
43 37
10 62
49 12
52 39
50 43
19 47
10 63
50 44
10 64
43 38
43 39
50 45
43 40
52 40
52 41
43 41
7 67
33 64
43 42
48 3
52 42
43 43
61 45
10 65
10 66
36 47
45 28
43 44
10 67
52 43
43 45
42 28
3 54
55 32
5 59
45 29
52 44
33 65
43 46
44 0
36 48
44 1
33 66
52 45
50 46
52 46
10 68
48 4
43 0
5 60
53 0
13 61
43 1
44 2
61 46
10 69
44 3
10 70
53 1
7 68
5 16
48 5
43 2
5 17
62 0
53 2
10 71
62 1
44 4
45 30
34 63
10 72
53 3
10 73
7 69
7 70
36 49
51 0
53 4
51 1
53 5
62 2
49 13
49 14
53 6
10 74
53 7
51 2
43 3
53 8
44 5
44 6
51 3
10 75
45 31
7 71
53 9
53 10
55 33
10 76
53 11
45 45
10 77
44 7
62 3
10 78
0 16
22 40
2 13
20 42
0 17
0 18
22 41
23 47
26 11
22 42
27 44
27 45
20 43
29 65
20 44
20 45
26 12
66 74
44 90
89 73
84 89
84 90
89 74
72 67
44 91
15 45
1 64
38 66
72 68
89 75
72 69
62 82
89 76
92 56
84 91
89 77
72 70
69 78
84 92
84 93
72 71
72 72
79 81
72 73
76 59
89 78
92 81
92 57
89 79
89 80
72 74
72 75
72 76
72 77
85 47
69 79
69 80
68 78
66 75
89 81
78 52
66 76
69 81
76 60
72 78
85 48
69 82
29 66
76 61
66 77
78 53
85 49
79 82
85 50
69 83
72 79
85 51
92 58
72 80
78 54
69 84
69 85
69 86
76 62
83 54
42 9
62 83
44 92
62 90
42 10
1 65
42 11
85 52
69 87
72 81
78 55
85 53
72 82
89 82
69 88
69 89
89 83
78 56
69 90
72 83
79 83
72 84
72 85
85 54
85 55
89 84
79 84
69 91
83 55
78 57
29 67
15 69
69 92
76 63
66 78
72 86
76 64
69 93
78 58
70 47
78 59
70 48
79 85
83 56
66 79
89 85
89 86
89 87
89 88
89 89
89 90
89 91
70 49
85 56
88 52
66 80
70 50
78 60
78 61
85 57
79 86
70 51
70 52
70 53
85 58
66 81
66 82
85 59
85 60
66 83
72 87
72 88
74 79
89 92
72 89
70 54
79 87
76 65
70 55
72 90
72 91
88 53
76 66
78 62
70 56
66 84
72 92
88 54
88 55
89 93
90 47
66 85
92 82
70 57
74 80
78 63
75 92
90 48
90 49
92 83
85 61
85 62
66 86
90 50
85 63
74 81
90 51
66 87
1 66
1 67
1 68
66 88
72 93
78 64
92 84
90 52
90 53
85 64
90 54
85 65
90 55
79 88
87 75
75 93
81 47
81 48
68 79
87 76
81 49
68 80
76 67
76 68
76 69
82 65
81 50
73 47
1 69
37 69
15 46
5 18
81 51
81 52
82 66
87 77
73 48
81 53
87 78
82 67
81 54
86 85
87 79
82 68
81 55
76 70
81 56
81 57
82 69
86 86
81 58
81 59
82 70
81 60
76 71
82 71
82 72
42 61
49 85
30 82
18 0
20 46
18 1
18 2
15 70
76 19
70 3
38 67
23 34
44 93
58 58
58 59
19 48
58 60
49 86
23 35
49 87
49 88
30 83
58 61
30 84
23 36
21 0
49 89
58 62
58 63
58 64
21 1
52 57
58 65
21 2
18 3
31 85
58 66
58 67
52 58
63 53
18 4
18 5
49 90
49 91
49 92
57 60
42 62
58 68
58 69
49 93
42 63
58 70
50 47
37 70
57 61
42 64
41 77
50 48
42 65
58 71
50 49
50 50
58 72
58 73
58 74
58 75
58 76
50 51
58 77
50 52
50 53
50 54
42 66
41 78
50 55
57 62
50 56
50 57
39 67
58 78
50 58
50 59
58 79
60 93
58 80
50 60
58 81
21 3
34 45
34 46
54 62
61 89
61 90
78 9
61 91
40 76
50 61
50 62
30 85
58 82
54 63
41 79
30 86
58 83
50 63
50 64
58 84
50 65
50 66
30 87
50 67
50 68
50 69
54 64
58 85
42 67
2 14
45 47
76 20
45 48
79 15
79 16
79 17
45 49
78 10
81 6
70 4
79 18
79 19
79 20
79 21
83 22
29 68
45 50
79 22
21 4
18 6
23 37
21 5
21 6
21 7
21 8
77 7
13 62
23 48
13 63
13 64
23 49
15 71
15 72
24 54
20 93
9 28
24 55
15 73
21 47
21 48
21 9
45 51
40 77
22 43
79 23
79 24
13 43
33 67
15 14
13 44
2 15
33 68
13 45
32 16
29 32
29 33
47 88
29 34
37 9
24 32
24 33
32 17
32 18
24 34
29 35
54 65
29 36
29 37
37 10
37 11
24 35
32 19
32 20
32 21
32 22
32 23
37 12
24 36
37 13
35 0
32 24
35 1
32 25
32 26
54 66
54 67
32 27
32 28
32 29
32 30
54 68
56 69
21 10
54 69
56 70
32 31
31 86
35 2
37 14
36 50
35 3
32 32
35 4
37 15
37 16
35 5
35 6
32 33
37 17
24 37
35 7
32 34
29 38
29 39
2 16
35 8
29 40
29 41
29 42
29 43
54 70
29 44
24 38
32 35
29 45
29 46
32 36
30 0
30 1
32 37
66 28
11 46
5 19
9 29
66 29
67 31
57 33
21 11
12 0
21 12
9 30
7 13
9 31
7 14
9 32
18 7
9 33
18 8
9 34
9 35
9 36
18 9
12 1
3 15
18 10
9 37
12 2
9 38
12 3
9 39
9 40
18 11
30 88
9 41
12 4
12 5
15 74
18 12
12 6
65 4
10 79
12 45
18 13
7 15
12 7
9 42
12 8
30 89
9 43
12 9
9 44
9 45
22 44
18 14
9 46
0 13
12 10
0 55
12 46
18 15
12 11
10 0
66 30
5 20
2 17
5 21
13 0
18 16
0 56
0 57
18 17
12 12
10 1
10 2
78 11
67 32
10 3
10 4
10 5
21 13
12 13
85 66
92 59
90 56
64 88
92 60
64 89
54 71
32 38
32 39
32 40
23 38
32 41
32 42
32 43
32 44
32 45
42 68
32 46
35 9
33 0
24 39
37 18
38 68
35 10
33 1
24 40
33 2
70 5
55 34
37 19
35 11
30 2
13 46
14 0
14 1
14 2
14 3
14 4
14 5
14 6
55 35
14 7
34 64
14 8
10 80
14 9
14 10
14 11
14 12
15 15
35 92
34 65
14 13
19 49
3 2
28 41
10 81
14 14
13 1
5 22
15 16
55 36
28 42
14 15
14 16
34 66
28 43
14 17
15 17
14 18
33 69
0 26
92 85
18 18
83 23
54 72
30 3
30 4
35 12
35 13
30 5
33 3
33 4
30 6
54 73
24 41
30 7
30 8
24 42
33 5
33 6
30 9
54 74
33 7
33 8
54 75
54 76
37 20
33 9
54 77
37 21
35 14
33 10
33 11
33 12
24 43
33 13
30 10
33 14
37 22
82 73
24 44
81 61
64 90
86 87
16 28
86 88
76 72
81 62
37 71
37 72
26 13
26 14
26 15
26 16
23 39
22 45
0 19
0 20
22 46
23 0
35 15
23 1
2 18
26 17
26 18
38 69
45 52
45 53
65 5
70 58
33 15
37 73
2 19
30 11
30 12
15 75
30 13
54 78
33 16
33 17
35 16
35 17
30 14
30 15
54 79
35 18
33 18
35 19
33 19
15 76
33 20
30 16
35 20
33 21
30 17
24 45
54 80
33 22
31 87
30 18
17 78
24 46
30 19
25 0
30 20
25 1
30 21
54 81
30 22
33 23
30 23
54 82
30 24
30 25
30 26
54 83
30 27
30 28
51 4
90 57
44 8
44 9
44 10
62 4
44 11
44 12
51 5
49 15
44 13
13 65
44 14
34 67
10 82
49 16
13 66
48 6
7 72
49 17
66 89
44 15
49 18
55 37
7 73
44 16
49 19
62 5
44 17
53 12
7 74
44 18
5 85
43 4
44 19
44 20
49 20
51 6
10 83
53 13
48 7
10 84
36 51
53 14
86 89
81 63
81 64
82 74
76 73
81 65
82 75
87 80
81 66
86 90
86 91
87 81
76 74
76 75
82 76
81 67
82 77
86 92
81 68
76 76
81 69
87 82
25 62
86 93
87 83
87 84
1 70
5 23
1 71
23 2
81 70
81 71
76 77
87 56
76 78
81 72
82 78
76 79
5 24
51 7
48 8
51 8
51 9
44 21
51 10
44 22
53 15
53 16
51 11
51 12
44 23
45 32
13 67
51 13
44 24
7 75
7 76
55 38
10 85
48 9
34 76
49 21
48 10
44 25
30 56
10 86
53 17
51 14
13 68
5 61
48 11
33 70
36 52
13 69
36 53
33 71
51 15
44 26
43 5
13 70
51 16
51 17
48 12
48 13
5 86
44 27
13 71
36 54
13 72
49 22
10 87
44 28
0 21
21 14
10 6
23 3
23 4
23 5
23 6
15 77
23 7
26 19
21 15
26 20
21 16
16 29
23 8
21 17
23 9
21 18
23 10
16 30
5 25
14 19
14 20
14 21
14 22
34 68
14 23
34 69
14 24
14 25
14 26
19 50
14 27
14 28
14 29
28 44
10 88
14 30
10 89
3 3
40 29
14 31
10 90
14 32
14 33
14 34
14 35
10 7
14 36
31 88
17 79
10 91
14 37
34 70
15 18
14 38
14 39
14 40
14 41
13 73
55 39
10 92
14 42
10 93
82 79
39 68
82 80
82 81
82 82
68 81
76 80
82 83
68 82
68 83
5 26
82 84
15 78
82 85
76 81
82 86
81 73
87 57
82 87
87 58
82 88
76 82
82 89
81 74
87 85
87 59
25 2
81 75
87 60
76 83
39 69
81 76
74 82
68 84
87 86
87 87
54 84
30 29
25 3
30 30
30 31
54 85
30 32
30 33
30 34
54 86
54 87
33 24
30 35
33 25
30 36
30 37
30 38
25 4
25 5
30 39
25 6
35 21
30 40
30 41
13 74
21 49
79 25
79 26
70 6
13 75
23 50
23 51
21 50
23 52
24 56
55 40
79 27
21 51
15 19
15 20
13 2
21 52
24 57
23 53
54 88
54 89
56 71
37 23
58 86
54 90
54 91
62 6
54 92
57 63
84 9
21 19
44 29
44 30
62 7
11 47
48 14
48 15
45 33
53 18
44 31
49 23
51 18
48 16
44 32
44 33
34 71
44 34
62 8
44 35
44 36
49 24
44 37
51 19
7 77
44 38
45 34
11 48
44 39
53 19
7 78
51 20
44 40
51 21
49 25
53 20
51 22
49 26
51 23
34 72
49 27
11 49
44 41
49 28
62 9
55 41
49 29
53 21
53 22
44 42
51 24
25 7
43 6
13 76
51 25
48 17
51 26
62 10
11 50
49 30
33 72
13 77
60 22
44 43
33 73
5 62
51 27
13 78
36 55
43 7
44 44
44 45
7 79
62 11
51 28
53 23
31 89
62 12
53 24
11 51
33 74
13 79
48 18
53 25
44 46
51 29
11 52
11 53
49 31
49 32
11 54
53 26
53 27
53 28
45 0
51 30
5 63
62 13
45 1
49 33
62 14
11 55
51 31
5 64
45 2
5 65
45 35
51 32
49 34
47 21
13 80
53 29
48 19
78 65
92 61
90 58
90 59
90 60
90 61
92 62
85 67
85 68
79 89
79 90
33 26
25 8
30 42
30 43
30 44
25 9
33 27
25 10
54 93
30 45
33 28
35 22
26 21
33 29
25 11
30 46
31 0
33 30
33 31
37 24
33 32
31 1
37 25
55 47
25 12
25 13
35 23
55 48
33 33
35 24
25 14
21 20
33 34
55 49
37 26
25 15
26 22
26 23
35 25
26 24
35 26
26 25
26 26
31 2
68 59
33 35
25 16
33 36
25 17
25 18
33 37
35 27
33 38
25 19
55 50
37 27
31 3
25 20
31 4
31 5
12 14
12 15
10 8
18 19
10 9
12 16
12 17
7 16
34 73
19 51
10 10
12 18
34 74
10 11
13 3
10 12
10 13
21 21
10 14
30 90
12 19
7 17
18 20
12 20
10 15
10 16
12 21
30 91
7 18
0 4
10 17
0 5
30 57
7 19
13 4
7 20
12 22
18 21
0 6
18 22
30 92
18 23
18 24
10 18
18 25
12 23
10 19
7 21
7 22
7 23
18 26
12 24
10 20
18 27
10 21
10 22
21 22
51 33
12 25
10 23
30 93
10 24
10 25
18 28
10 26
10 27
13 5
23 54
10 28
21 23
18 29
10 29
21 24
10 30
18 30
7 24
19 52
18 31
10 31
0 58
18 32
31 47
12 26
10 32
10 33
12 27
18 33
30 58
12 28
31 48
10 34
10 35
10 36
10 37
10 38
65 6
65 7
12 29
0 59
5 27
12 30
12 31
12 32
3 16
10 39
11 56
18 34
37 74
25 63
5 28
5 29
7 80
19 53
75 14
7 81
62 15
81 7
70 7
70 8
56 72
70 9
62 16
17 49
62 17
62 18
66 31
62 19
92 42
25 21
82 18
75 15
86 22
85 33
75 16
65 8
75 17
63 78
51 34
76 21
45 54
63 79
83 24
55 42
89 22
29 69
35 28
77 8
85 34
89 23
21 25
35 29
21 26
18 35
27 12
70 10
70 11
70 12
55 51
63 3
50 70
58 87
50 71
50 72
52 59
50 73
50 74
57 64
21 27
66 32
58 88
58 89
58 90
23 55
13 81
21 53
13 82
79 28
79 29
79 30
13 83
79 31
78 12
79 32
78 13
79 33
81 8
79 34
13 84
21 54
15 79
19 54
78 14
45 55
23 56
13 85
21 55
70 13
21 56
16 81
18 36
70 14
45 56
79 35
45 57
79 36
81 9
79 37
70 15
45 58
79 38
79 39
79 40
81 10
81 11
41 80
1 72
74 83
74 84
85 69
64 91
92 63
85 70
90 62
85 71
92 64
1 73
85 72
79 91
85 73
79 92
74 85
52 82
52 83
52 84
79 93
90 63
64 92
56 73
74 86
85 74
74 87
85 75
74 88
90 64
74 89
74 90
74 91
74 92
90 65
74 93
80 47
80 48
85 76
80 49
75 47
80 50
85 77
85 78
76 84
79 41
21 57
23 11
27 46
81 77
81 78
76 85
87 88
87 89
68 85
90 66
68 86
1 74
68 87
24 58
26 27
26 28
26 29
18 37
26 30
26 31
26 32
27 0
27 1
81 79
81 80
81 81
82 90
87 61
87 90
87 62
76 86
76 87
82 91
82 92
33 39
25 22
31 6
33 40
31 7
33 41
31 8
33 42
55 52
31 9
25 23
25 24
33 43
33 44
25 25
31 10
33 45
31 11
31 12
55 53
31 13
31 14
31 15
31 16
31 17
31 18
55 54
55 55
31 19
33 46
34 0
25 26
15 80
55 56
34 1
34 2
31 20
34 3
34 4
55 57
31 21
25 27
37 28
31 22
25 28
35 30
25 29
34 5
81 12
81 13
81 14
31 23
35 31
55 58
31 24
41 81
35 32
35 33
34 6
35 34
25 30
31 25
34 7
25 31
25 32
55 59
34 8
37 29
34 9
35 35
55 60
31 26
34 10
25 33
37 30
37 31
25 34
34 11
35 36
25 35
37 32
25 36
34 12
34 13
34 14
34 15
31 27
34 16
34 17
25 37
34 18
87 63
39 70
76 88
82 93
87 91
76 89
87 92
87 64
87 65
81 82
87 66
76 90
81 83
87 67
76 91
87 93
81 84
81 85
76 92
81 86
87 68
58 91
13 86
25 38
47 89
82 19
42 69
55 61
31 49
50 75
39 71
81 87
42 70
39 72
58 92
58 93
61 92
41 82
59 47
59 48
42 71
59 49
52 60
59 50
83 25
55 62
83 26
21 28
57 65
55 63
55 64
21 29
21 30
83 27
34 19
35 37
45 59
34 20
40 78
25 39
34 21
37 33
34 22
34 23
37 34
37 35
35 38
34 24
65 9
34 25
31 28
34 75
31 29
25 40
55 65
21 31
21 32
21 33
21 34
62 20
62 21
49 35
48 20
18 38
21 58
18 39
21 59
21 60
18 40
18 41
23 12
23 13
21 35
21 36
18 42
14 43
55 43
3 4
14 44
28 45
14 45
14 46
19 55
15 0
11 57
36 56
15 1
35 93
35 47
55 44
15 2
15 3
15 21
49 36
48 21
11 58
43 8
51 35
7 82
35 48
2 20
2 21
2 22
5 30
53 30
51 36
45 36
7 83
49 37
53 31
13 87
7 84
53 32
45 37
53 33
36 57
49 38
13 88
51 37
11 59
45 3
49 39
62 22
62 23
7 85
49 40
48 22
49 41
49 42
51 38
33 75
15 4
2 23
15 5
15 6
53 34
25 41
11 60
49 43
51 39
53 35
36 58
45 4
45 5
17 50
51 40
11 61
11 62
45 6
7 86
53 36
53 37
45 38
62 24
53 38
62 25
33 76
48 23
11 63
49 44
49 45
45 7
49 46
53 39
33 77
43 9
53 40
45 8
53 41
7 87
51 41
11 64
36 59
51 42
11 65
7 88
50 0
19 56
43 10
11 66
53 42
11 67
11 68
50 1
11 69
35 49
36 60
11 70
51 43
51 44
45 9
45 39
62 26
45 10
62 27
11 71
50 2
19 57
51 45
50 3
11 72
11 73
45 11
50 4
7 89
7 90
19 58
51 46
11 74
45 12
62 28
45 13
52 0
52 1
11 75
52 2
43 11
55 45
15 81
53 43
36 61
52 3
50 5
45 14
45 40
52 4
53 44
5 66
43 12
62 29
53 45
15 7
15 8
15 9
92 86
28 46
2 24
2 25
59 51
59 52
59 53
59 54
50 76
42 72
50 77
50 78
42 73
55 66
59 55
59 56
21 37
23 14
23 15
23 16
23 17
23 18
23 19
23 20
23 21
23 22
2 26
0 22
40 79
59 57
21 38
59 58
52 61
50 79
18 43
18 44
41 83
59 59
59 60
50 80
31 90
50 81
59 61
49 51
59 62
59 63
50 82
59 64
59 65
55 67
50 83
59 66
59 67
42 74
31 50
50 84
49 52
4 58
50 85
50 86
62 84
59 68
59 69
59 70
42 75
59 71
50 87
57 66
57 67
59 72
50 88
42 76
57 68
59 73
57 69
2 27
57 70
42 77
42 78
31 51
50 89
50 90
50 91
50 92
21 39
21 40
21 41
18 45
21 42
21 43
18 46
13 89
19 0
50 93
21 44
21 45
27 2
23 23
21 46
37 75
76 22
88 38
92 43
61 82
55 46
88 56
55 68
55 69
45 60
55 70
55 71
45 61
55 72
56 74
55 73
55 74
70 16
34 89
56 75
40 30
33 78
40 31
47 22
11 76
40 32
56 19
7 91
36 6
40 33
47 23
7 92
40 34
40 35
40 36
40 37
40 38
38 3
40 39
40 40
36 33
11 77
13 90
41 84
5 31
5 67
4 86
4 87
4 88
55 75
67 2
45 62
59 23
75 18
22 0
77 9
56 20
78 15
85 35
5 32
85 36
63 80
67 33
7 93
8 47
47 90
8 48
53 46
47 91
67 34
62 30
85 37
41 85
56 21
65 57
70 17
17 51
65 58
42 79
29 70
31 30
5 33
70 18
8 49
34 26
11 78
8 50
8 51
26 0
17 80
36 62
89 24
56 22
88 39
23 57
90 67
84 10
61 83
47 24
11 79
19 59
11 80
19 60
19 61
19 62
11 81
19 63
19 64
19 1
19 2
19 3
88 40
61 84
59 24
0 38
59 25
75 19
75 20
65 10
67 13
65 11
75 21
75 22
73 16
81 15
55 76
55 77
56 76
47 92
41 86
47 93
76 23
36 63
70 19
75 23
5 34
92 44
92 45
40 80
5 35
13 91
8 52
62 31
5 68
5 69
5 70
25 42
62 32
62 33
62 34
48 47
16 31
48 48
56 77
56 78
82 20
70 20
92 46
93 0
93 1
39 73
39 74
48 49
90 42
55 78
41 87
83 28
45 63
75 24
75 25
65 12
75 26
62 35
48 50
48 51
56 79
55 79
41 88
48 52
48 53
40 41
5 36
47 25
36 34
36 7
11 82
19 65
47 26
33 79
47 27
38 4
47 28
56 23
11 83
38 5
38 6
38 7
31 91
40 42
40 43
47 29
17 52
47 30
40 44
15 82
11 84
40 45
40 46
41 0
36 35
41 1
41 2
45 15
41 3
41 4
11 85
36 36
33 80
36 37
38 70
38 8
41 5
37 76
41 6
8 53
41 7
41 8
41 9
41 10
47 31
41 11
41 12
47 32
41 13
47 33
47 34
11 86
41 14
41 15
41 16
41 17
8 54
8 55
8 56
8 57
8 58
8 59
8 60
8 61
29 71
5 37
82 21
70 21
4 50
38 71
70 22
48 54
70 23
70 24
73 17
5 38
83 29
73 18
73 19
81 16
73 20
73 21
73 22
73 23
62 36
37 77
67 14
73 24
73 25
78 66
73 26
83 30
75 27
33 81
73 27
55 80
56 13
83 31
81 17
45 64
56 14
56 15
45 65
62 37
70 25
45 66
93 40
93 41
93 42
93 43
93 44
93 45
93 46
15 83
94 0
29 72
68 55
65 59
65 60
54 0
94 1
65 61
94 2
70 26
5 39
5 40
73 49
73 28
48 55
11 87
11 88
17 81
55 81
33 82
36 38
16 32
70 27
33 83
55 82
38 72
67 35
66 33
66 34
48 56
54 1
54 2
41 18
45 16
36 39
56 24
41 19
56 25
41 20
41 21
41 22
47 35
47 36
41 23
56 26
41 24
13 92
54 3
38 9
45 67
73 29
36 64
36 65
45 68
39 75
38 73
70 28
5 41
39 76
73 30
39 77
36 66
45 69
82 22
25 64
38 74
56 80
2 28
45 70
91 10
90 27
91 11
67 3
70 29
36 67
45 71
5 42
36 68
48 57
39 78
63 54
15 84
45 72
45 73
48 58
2 29
39 79
36 69
83 32
63 55
45 74
63 56
24 70
48 59
48 60
82 23
82 24
56 81
36 70
56 82
39 80
82 25
25 65
5 43
25 66
2 30
82 26
73 31
2 31
66 35
90 28
48 61
56 83
56 84
91 12
56 85
56 86
91 13
92 2
92 3
91 14
91 15
92 4
90 29
91 16
92 5
92 6
92 7
92 8
91 17
88 41
40 81
40 82
48 62
48 63
40 83
45 75
16 33
94 3
94 34
65 62
56 27
70 30
41 25
36 71
17 53
54 4
25 43
17 82
42 80
62 38
5 71
56 28
54 5
62 39
25 44
5 44
87 20
61 85
59 26
61 86
58 19
59 27
88 42
59 28
59 29
59 30
40 84
59 31
62 40
59 32
59 33
87 21
62 41
88 43
59 34
59 35
94 35
40 85
19 4
47 37
94 36
47 38
47 39
47 40
59 36
87 22
62 42
87 23
61 87
59 37
59 38
58 20
88 44
48 64
19 66
70 31
17 83
25 45
2 32
70 32
70 33
34 90
45 76
25 46
47 41
81 18
17 84
19 67
41 26
54 6
17 85
67 36
45 41
15 85
77 10
1 75
45 77
94 4
62 43
48 65
61 88
65 63
94 5
65 64
65 13
77 11
57 34
40 86
57 35
70 34
30 59
48 66
57 36
40 87
78 16
77 12
66 36
40 88
78 17
85 38
85 39
85 40
79 42
65 14
73 32
82 27
73 33
38 75
75 28
24 59
24 60
16 82
62 47
15 86
39 81
63 81
70 35
70 36
93 2
63 82
63 83
93 3
5 45
19 5
70 37
70 38
5 46
70 39
6 11
62 48
81 19
85 41
83 33
85 42
83 34
85 43
75 29
75 30
67 37
67 38
75 31
75 32
75 33
75 34
75 35
75 36
75 37
25 67
65 15
65 16
67 39
77 13
65 17
77 14
65 18
77 15
63 4
77 16
65 19
65 20
77 17
65 21
77 18
2 33
27 13
22 1
28 7
28 8
28 9
28 10
10 40
28 11
28 12
28 13
28 14
22 2
13 93
28 15
28 16
70 40
17 86
70 41
65 22
77 19
65 23
65 24
65 25
65 26
65 27
65 28
65 29
65 30
77 20
62 44
67 40
67 4
11 89
81 20
66 37
8 62
47 42
8 63
8 64
8 65
80 51
93 4
63 84
63 85
62 49
82 28
86 23
93 5
75 38
16 34
8 66
3 55
3 56
5 87
85 44
2 34
23 58
23 59
90 30
15 87
83 35
40 89
45 78
62 50
86 24
81 21
16 35
37 78
86 25
88 45
48 67
2 35
90 31
87 24
28 52
28 53
28 54
25 90
25 91
25 92
16 92
25 93
26 47
26 48
83 36
45 79
40 90
39 82
91 18
70 42
62 51
88 46
85 45
84 11
87 25
85 46
56 87
31 52
87 26
86 0
87 27
31 53
86 1
14 47
89 29
14 48
28 55
28 56
28 57
28 58
28 59
28 60
28 61
28 62
28 63
28 64
28 65
28 66
28 67
28 68
28 69
28 70
28 71
28 72
28 73
28 74
48 68
28 75
28 76
28 77
45 80
28 78
28 79
28 80
28 81
1 90
4 59
6 12
5 88
3 57
3 58
29 73
2 36
17 54
2 37
29 74
11 90
4 60
3 59
6 13
3 60
5 89
3 61
5 90
5 91
3 62
3 63
3 64
3 65
11 91
3 66
3 67
3 68
3 69
86 2
6 14
89 30
84 12
24 71
17 87
89 6
6 15
2 38
45 81
36 72
60 23
26 33
52 5
38 76
26 34
26 35
36 73
25 68
33 84
36 74
2 39
48 69
84 13
36 75
26 36
73 34
54 7
45 82
83 37
70 43
15 88
6 16
70 44
70 45
19 6
11 92
45 17
11 93
35 50
35 39
42 81
51 47
51 48
59 74
59 75
51 49
51 50
52 62
59 76
51 51
59 77
51 52
51 53
42 82
41 89
42 83
41 90
42 84
39 83
57 71
42 85
59 78
42 86
51 54
41 91
6 17
51 55
51 56
22 3
22 4
15 89
19 7
22 5
22 6
22 7
59 79
19 8
52 63
59 80
59 81
31 54
31 55
4 61
49 53
51 57
51 58
59 82
51 59
42 87
19 68
23 24
22 8
19 9
19 10
59 83
42 88
59 84
31 56
48 70
31 57
45 83
48 71
31 58
70 46
71 4
40 91
51 60
59 85
31 59
59 86
31 60
59 87
51 61
59 88
51 62
59 89
59 90
52 64
51 63
19 69
59 91
42 89
51 64
51 65
42 90
52 65
59 92
59 93
60 47
23 40
57 72
30 60
39 84
19 70
60 48
42 91
28 17
60 49
24 72
51 66
60 50
56 88
60 51
51 67
51 68
48 72
19 11
19 12
60 52
60 53
51 69
51 70
60 54
33 85
52 6
45 18
54 8
54 9
12 47
43 13
52 7
2 40
45 46
36 76
54 10
36 77
12 48
56 29
50 6
12 49
14 49
12 50
19 71
54 11
45 19
62 45
54 12
46 0
43 14
54 13
50 7
12 51
5 72
19 72
35 51
35 52
15 10
23 41
60 55
60 56
31 61
60 57
19 13
19 14
19 15
19 16
19 17
27 3
19 18
22 9
22 10
22 11
60 58
60 59
19 19
19 20
19 21
22 12
66 90
78 67
73 50
70 59
66 91
70 60
78 68
88 57
66 92
78 69
66 93
70 61
75 48
73 51
85 79
78 70
85 80
67 47
85 81
85 82
70 62
92 87
90 68
77 47
77 48
73 52
80 52
83 57
78 71
83 58
85 83
77 49
77 50
85 84
70 63
78 72
70 64
70 65
90 69
77 51
85 85
90 70
78 73
90 71
73 53
70 66
70 67
14 50
1 76
90 72
78 74
83 59
67 48
70 68
83 60
77 52
67 49
92 88
73 54
73 55
67 50
70 69
78 75
85 86
85 87
73 56
83 61
68 88
70 70
83 62
70 71
73 57
70 72
90 73
90 74
73 58
67 51
78 76
70 73
73 59
80 53
70 74
88 58
83 63
70 75
70 76
90 75
77 53
80 54
80 55
80 56
85 88
90 76
38 77
75 49
90 77
85 89
90 78
70 77
67 52
90 79
78 77
80 57
80 58
85 90
85 91
90 80
90 81
67 53
67 54
85 92
73 60
90 82
90 83
85 93
90 84
90 85
67 55
70 78
70 79
86 47
90 86
86 48
90 87
73 61
68 89
90 88
90 89
75 50
90 90
73 62
73 63
67 56
90 91
86 49
73 64
73 65
86 50
86 51
92 89
86 52
70 80
70 81
80 59
86 53
90 92
92 90
90 93
73 66
86 54
83 64
67 57
70 82
70 83
0 27
91 47
73 67
91 48
91 49
91 50
83 65
70 84
80 60
68 90
14 51
56 30
56 31
32 76
32 77
32 88
21 61
23 60
23 61
23 62
23 63
21 62
23 64
31 92
21 63
23 65
21 64
21 65
15 90
15 91
15 92
15 93
16 54
16 55
1 77
1 78
32 78
32 79
32 89
23 66
21 66
31 93
32 53
35 53
21 67
23 25
21 68
31 62
21 69
23 67
35 54
0 84
0 85
16 56
48 73
31 63
31 64
62 52
62 53
21 70
17 88
48 74
62 54
62 55
0 86
0 87
21 71
14 52
16 57
21 72
21 73
21 74
23 68
16 58
14 53
23 69
21 75
23 70
23 42
37 79
38 78
1 79
8 67
40 92
70 85
80 61
91 51
78 78
70 86
78 79
73 68
68 91
91 52
1 80
70 87
70 88
70 89
78 80
73 69
70 90
91 53
73 70
78 81
83 66
1 81
16 83
45 84
42 12
37 80
62 91
16 36
0 28
43 15
65 31
65 32
65 33
41 47
62 56
71 5
56 89
37 81
25 69
2 41
82 29
16 37
39 85
80 62
16 38
22 13
22 14
19 22
19 23
22 15
19 24
19 25
19 26
1 82
59 39
59 40
89 31
62 46
59 41
0 39
87 28
83 38
45 85
58 21
89 32
58 22
58 23
59 42
62 57
59 43
62 58
94 6
19 27
56 90
79 43
81 22
79 44
71 6
79 45
79 46
80 0
81 23
75 51
75 52
80 63
92 65
80 64
75 53
75 54
75 55
1 83
75 56
75 57
86 55
75 58
91 54
51 71
75 59
75 60
52 85
52 86
75 61
80 65
80 66
75 62
80 67
91 55
62 85
56 91
62 86
93 47
75 63
52 87
75 64
93 48
91 56
86 56
75 65
75 66
75 67
80 68
75 68
91 57
91 58
75 69
80 69
1 84
6 18
37 82
91 59
16 59
16 60
23 71
14 54
21 76
81 24
80 1
81 25
21 77
24 61
80 2
80 3
80 4
16 61
80 5
80 6
80 7
21 78
6 19
14 55
21 79
14 56
41 27
36 40
56 32
41 28
36 41
12 52
36 42
17 55
4 51
32 90
32 80
32 81
32 91
32 92
32 82
32 93
84 14
45 86
89 33
28 18
28 19
28 20
28 21
28 22
28 23
28 24
34 91
89 34
45 87
16 39
28 82
28 83
28 84
28 85
16 62
6 20
28 86
28 87
28 88
28 89
28 90
28 91
16 63
28 92
28 93
26 49
29 81
29 82
29 83
29 84
14 57
62 59
24 73
86 3
86 4
86 5
86 6
37 83
86 7
86 8
86 9
37 84
31 65
90 32
89 35
84 15
89 36
86 10
12 53
62 60
48 75
48 76
19 28
41 48
87 29
48 77
89 37
48 78
45 88
41 49
71 7
37 85
45 89
6 21
89 38
35 40
29 85
29 86
16 93
29 87
26 50
26 51
32 54
26 52
29 88
45 90
45 91
26 53
30 61
41 50
37 86
45 92
23 72
12 54
21 80
23 73
12 55
12 56
21 81
23 74
32 55
32 56
21 82
21 83
23 75
23 76
12 57
14 58
23 77
23 78
23 79
21 84
14 59
6 22
8 68
36 78
38 79
71 8
6 23
37 87
71 9
7 25
8 69
8 70
8 71
8 72
8 73
14 60
19 29
19 30
22 16
19 31
25 70
2 42
81 26
25 71
39 86
0 88
0 89
37 88
38 80
81 27
82 30
36 79
82 31
82 32
82 33
0 90
81 28
45 93
25 72
63 27
25 73
39 87
39 88
2 43
84 16
71 10
71 11
25 74
83 39
41 51
46 47
46 48
48 79
38 81
46 49
39 89
48 80
48 81
41 52
71 12
46 50
71 13
29 75
6 24
6 25
24 74
71 14
37 89
19 73
76 24
71 15
29 89
29 90
29 91
29 92
29 93
26 54
39 90
84 17
84 18
46 51
46 52
16 40
71 16
89 7
84 19
89 8
65 34
2 44
25 75
47 43
28 34
2 45
71 17
76 25
28 35
37 90
28 36
63 86
2 46
63 87
63 88
63 89
36 80
46 53
6 26
39 91
6 27
46 54
82 34
73 35
71 18
6 28
55 83
26 37
42 13
82 35
57 37
48 82
30 62
55 84
46 55
73 36
81 29
46 56
71 19
46 57
3 17
36 81
52 8
6 29
82 36
67 41
37 91
63 28
3 18
54 14
63 29
63 30
26 38
26 39
63 31
26 40
63 32
56 33
81 30
26 41
38 82
36 82
62 61
90 43
24 75
63 33
65 35
23 26
6 30
37 92
71 20
71 21
26 42
71 22
63 90
93 6
63 91
93 7
73 37
16 41
65 36
78 82
24 62
24 63
24 64
24 76
24 65
6 31
55 85
83 40
86 11
80 8
80 9
80 10
25 76
71 23
73 38
46 58
71 24
26 43
71 25
71 26
46 59
46 60
62 62
78 18
25 77
48 83
48 84
41 53
41 54
48 85
33 86
90 33
90 34
91 19
92 9
90 44
78 19
71 27
71 28
16 42
46 61
65 65
71 29
93 8
71 30
19 74
71 31
3 19
8 74
19 32
63 57
56 92
91 20
56 93
90 45
57 47
92 10
92 11
91 21
91 22
92 12
92 13
91 23
90 35
91 24
91 25
91 26
90 36
92 14
92 15
92 16
92 17
90 37
62 63
36 83
83 41
3 20
71 32
6 32
35 55
81 31
46 62
73 39
73 40
73 41
73 42
83 42
46 63
73 43
73 44
71 33
6 33
73 45
73 46
74 0
75 39
86 12
86 13
67 42
75 40
82 37
75 41
3 21
75 42
75 43
81 32
75 44
75 45
66 38
39 92
81 33
71 34
75 46
71 35
24 66
62 64
62 65
63 58
91 60
62 66
62 67
91 61
91 62
68 92
87 69
73 71
70 91
88 59
80 70
78 83
91 63
67 58
67 59
86 57
75 70
73 72
86 58
73 73
86 59
91 64
92 91
67 60
78 84
86 60
67 61
67 62
67 63
67 64
86 61
83 67
80 71
80 72
92 92
16 43
91 65
67 65
73 74
91 66
91 67
91 68
73 75
91 69
67 66
73 76
68 93
67 67
91 70
65 85
67 68
67 69
92 93
91 71
78 85
91 72
86 62
78 86
83 68
86 63
91 73
91 74
46 64
46 65
73 77
86 64
73 78
78 87
73 79
70 92
70 93
65 86
71 47
91 75
83 69
91 76
91 77
91 78
78 88
71 48
78 89
71 49
91 79
71 50
78 90
67 70
71 51
1 0
83 70
78 91
67 71
73 80
67 72
73 81
73 82
71 52
71 53
71 54
91 80
71 55
73 83
73 84
67 73
77 54
77 55
88 60
80 73
80 74
91 81
86 65
67 74
71 56
71 57
88 61
91 82
77 56
67 75
67 76
77 57
71 58
77 58
77 59
71 59
77 60
73 85
77 61
71 60
91 83
83 71
71 61
67 77
67 78
91 84
73 86
91 85
71 62
77 62
80 75
71 63
86 66
78 92
86 67
86 68
91 86
78 93
73 87
86 69
71 64
71 65
71 66
71 67
79 47
79 48
71 68
77 63
79 49
91 87
77 64
73 88
67 79
83 72
73 89
80 76
71 69
67 80
88 62
91 88
83 73
91 89
86 70
42 14
46 66
42 15
42 16
62 92
62 93
42 17
79 50
73 90
71 70
73 91
48 86
48 87
17 56
38 10
17 89
41 29
41 30
80 77
80 78
91 90
75 71
91 91
75 72
80 79
80 80
75 73
80 81
75 74
75 75
76 93
93 49
62 87
62 88
75 76
75 77
75 78
91 92
39 93
75 79
52 88
80 82
52 89
52 90
52 91
80 83
75 80
75 81
80 84
91 93
86 71
75 82
80 85
56 34
80 86
52 92
52 93
64 93
80 87
75 83
80 11
80 12
80 13
86 14
80 14
80 15
80 16
80 17
80 18
46 67
80 19
80 20
80 21
80 22
80 23
46 68
46 69
81 34
81 35
12 58
47 44
41 31
47 45
33 87
19 75
47 46
17 90
38 11
56 35
17 91
41 32
48 29
48 30
33 88
41 33
41 34
48 31
41 35
41 36
41 37
8 75
41 38
41 39
1 1
41 40
41 41
36 43
41 42
48 32
56 36
38 12
36 44
41 43
41 44
48 33
41 45
17 92
36 45
36 84
41 46
56 37
48 34
48 35
12 59
42 29
48 36
42 30
3 70
16 64
42 31
33 89
42 32
48 37
42 33
42 34
48 38
38 13
48 39
16 65
17 93
8 76
42 35
33 90
12 60
8 77
42 36
18 47
19 76
26 44
48 40
33 91
48 88
57 48
41 92
6 34
3 22
38 14
38 15
56 38
42 37
56 39
42 38
48 41
56 40
48 42
38 16
48 43
42 39
42 40
48 44
38 17
33 92
42 41
42 42
42 43
33 93
42 44
67 43
42 45
93 9
63 92
57 38
63 34
63 35
8 78
27 14
26 45
65 37
65 38
76 0
36 8
65 39
76 1
84 20
89 25
19 77
89 26
19 78
19 79
12 61
12 62
19 80
21 85
12 63
19 81
55 86
42 18
34 92
55 87
55 88
4 89
14 61
5 73
19 82
12 64
6 35
6 36
3 23
25 78
6 37
66 39
4 90
71 36
48 89
54 15
17 57
54 16
4 91
4 92
55 89
71 37
34 93
46 70
63 93
76 26
41 55
93 10
77 21
83 43
90 46
74 1
83 44
82 38
77 22
82 39
27 4
46 71
56 41
89 27
86 15
89 39
59 44
63 59
64 47
64 48
55 90
55 91
57 49
57 50
8 79
71 38
67 5
74 2
66 40
83 45
42 46
36 46
83 46
71 39
38 18
3 24
43 16
19 83
63 36
54 17
74 3
3 25
34 47
46 1
54 18
46 2
43 17
63 37
52 9
19 84
16 66
8 80
6 38
14 62
23 80
14 63
16 67
21 86
16 68
16 69
23 81
14 64
21 87
14 65
24 67
16 70
21 88
59 45
89 40
40 93
48 90
63 38
63 39
94 7
94 8
94 9
0 40
65 66
93 11
94 10
65 67
68 56
65 68
63 40
68 57
94 11
94 12
65 69
68 58
94 13
94 14
65 70
0 41
89 41
87 30
63 41
3 26
62 68
65 71
65 72
94 15
0 42
65 73
94 16
0 43
94 37
65 74
94 38
94 39
65 75
94 17
94 40
94 41
62 69
63 42
65 76
94 42
65 77
94 43
65 78
65 79
94 44
63 43
71 40
19 33
48 45
94 45
94 46
65 80
3 27
56 42
87 31
67 6
59 46
52 10
63 44
62 70
89 42
60 0
60 1
58 24
60 2
87 32
58 25
84 44
87 33
87 34
84 45
60 3
58 26
0 44
60 4
89 43
0 45
58 27
89 44
87 35
62 71
60 5
52 11
60 6
60 7
60 8
60 9
87 36
89 45
0 46
60 10
87 37
48 91
89 46
48 92
16 44
32 83
6 39
3 28
34 27
26 1
65 40
65 41
65 42
65 43
63 5
65 44
63 6
65 45
65 46
77 23
77 24
77 25
66 0
66 1
19 34
66 2
66 3
77 26
77 27
77 28
66 4
78 20
63 7
77 29
77 30
63 8
77 31
66 5
28 25
16 45
41 56
57 39
57 40
57 41
57 42
57 43
48 46
57 44
41 93
41 57
48 93
41 58
57 45
49 47
66 6
66 7
38 83
77 32
27 15
22 17
22 18
37 36
19 35
19 36
22 19
22 20
19 37
42 92
42 93
51 72
52 66
22 21
22 22
43 79
43 80
84 46
61 93
42 47
46 72
49 48
46 73
31 66
42 48
19 38
19 39
23 43
60 60
46 74
60 61
31 67
60 62
51 73
60 63
43 81
51 74
60 64
60 65
51 75
51 76
51 77
60 66
43 82
52 67
51 78
51 79
51 80
60 67
43 83
43 84
51 81
43 85
60 68
51 82
51 83
43 86
51 84
51 85
43 87
51 86
43 88
57 73
42 49
43 89
43 90
51 87
71 41
71 42
12 65
60 69
31 68
31 69
60 70
60 71
22 23
51 88
42 50
22 24
22 25
43 91
19 40
22 26
23 27
22 27
51 89
51 90
52 68
60 72
60 73
31 70
60 74
23 28
60 75
51 91
60 76
60 77
51 92
51 93
52 47
52 48
31 71
19 85
52 49
60 78
52 50
43 92
52 51
52 52
3 29
60 79
60 80
52 53
60 81
60 82
52 54
60 83
52 55
49 49
57 74
43 93
19 41
19 42
19 43
19 44
0 91
0 92
0 93
16 71
1 85
16 72
16 73
16 74
16 75
1 86
1 87
37 93
46 75
6 40
76 27
74 4
81 36
80 24
74 5
56 16
46 76
56 17
19 45
19 46
76 28
76 29
74 6
76 2
12 66
12 67
12 68
56 43
76 3
8 81
8 82
8 83
8 84
8 85
8 86
56 44
8 87
36 85
8 88
8 89
8 90
8 91
6 41
3 71
1 91
6 42
3 30
29 76
29 77
29 78
29 79
71 43
19 86
56 45
45 42
56 46
12 69
63 45
6 43
3 31
18 48
16 46
30 63
8 92
71 44
76 4
14 66
4 93
45 43
18 49
71 45
26 46
63 46
18 50
19 87
6 44
45 44
48 24
71 46
78 21
35 41
3 72
12 70
3 73
5 92
3 74
3 75
6 45
6 46
3 76
3 77
5 93
3 78
3 79
3 80
3 81
3 82
3 83
3 84
5 74
67 15
74 7
