48 47
35 23
2 11
38 16
43 2
43 3
33 30
4 35
22 33
14 4
9 28
25 45
19 23
43 4
21 14
21 15
21 16
37 28
22 34
21 17
10 31
19 24
8 18
31 42
25 46
8 19
21 18
14 5
16 17
3 18
6 18
18 25
5 24
9 29
39 9
21 19
8 20
11 38
31 43
6 19
29 10
18 26
7 31
8 21
20 0
30 11
19 0
16 18
43 35
40 39
5 25
30 12
17 25
11 39
30 13
9 30
5 26
10 32
22 35
29 11
22 36
29 12
43 36
15 19
26 0
22 37
2 12
7 32
30 14
31 44
6 20
26 1
15 20
4 36
26 2
21 20
33 31
33 32
8 22
13 20
38 0
10 33
8 23
26 3
18 27
38 17
39 10
30 15
5 27
30 16
40 40
21 21
40 41
6 21
31 45
22 38
11 40
38 18
26 4
38 19
4 37
17 26
8 24
37 29
19 1
18 28
33 33
20 1
35 24
22 39
37 30
35 25
33 34
37 31
39 11
26 5
43 5
39 12
17 27
16 19
17 28
42 22
2 36
45 40
2 13
29 13
1 35
24 15
31 46
9 31
2 0
33 35
16 20
20 2
29 14
33 36
39 13
26 6
19 2
6 22
8 0
15 21
38 20
10 34
15 22
29 15
30 17
19 3
21 22
14 6
1 13
26 7
26 8
14 7
6 23
2 1
1 36
33 37
40 42
22 40
17 29
7 33
42 15
24 16
3 28
32 0
15 23
42 16
22 41
6 24
32 1
40 43
22 42
33 38
22 43
32 2
40 44
33 39
39 14
40 45
6 25
40 9
21 23
22 44
3 35
8 25
8 26
22 45
5 28
14 8
26 9
14 9
33 40
12 33
16 21
42 36
9 32
9 33
6 26
29 16
38 21
9 34
9 35
32 3
8 27
38 22
9 36
2 2
4 38
32 4
9 37
8 28
22 46
32 5
2 14
10 35
2 15
2 16
24 17
21 24
21 25
24 18
30 18
24 19
19 4
8 1
20 3
8 2
20 4
21 26
29 17
9 38
0 0
7 34
30 19
19 5
10 36
43 6
10 37
40 46
35 26
32 6
29 18
6 27
35 27
37 32
38 23
35 28
26 10
40 10
30 20
4 39
26 11
29 19
14 10
3 36
14 11
14 12
11 41
26 12
1 4
5 29
30 21
30 22
13 21
29 20
5 30
20 5
8 29
1 14
30 23
4 40
32 7
42 37
11 42
0 1
24 20
17 30
10 38
2 3
11 43
3 37
4 41
24 21
26 13
0 2
12 34
30 24
15 24
3 29
4 42
4 43
10 39
33 41
18 29
32 8
38 24
14 13
10 40
10 41
24 22
0 3
39 15
21 27
17 31
45 22
18 30
29 21
43 37
0 4
18 31
43 7
2 17
6 28
11 44
40 11
35 29
37 33
26 14
35 30
14 14
35 31
24 23
46 7
46 8
46 9
46 10
46 11
46 12
46 13
46 14
46 15
46 16
46 17
47 15
26 15
26 16
45 41
21 28
24 24
32 9
26 17
33 42
17 32
38 25
45 42
1 5
44 35
8 30
8 31
8 32
2 18
33 43
3 38
3 39
29 22
2 19
4 44
1 6
30 25
33 44
20 6
23 0
26 18
30 26
3 40
16 22
0 5
17 33
20 7
23 1
35 32
29 23
3 41
39 16
40 12
23 2
23 3
35 33
40 13
33 45
37 34
9 39
26 19
3 42
5 31
26 20
9 40
30 27
42 38
24 25
4 45
41 35
26 21
3 43
30 28
45 2
43 38
45 3
15 25
24 26
23 4
38 26
33 46
23 5
41 0
26 22
41 36
41 1
35 34
32 10
24 27
18 32
34 0
45 4
38 27
43 8
45 5
45 23
19 6
7 35
20 8
29 24
13 22
8 33
5 32
1 15
2 20
15 26
35 35
11 45
17 34
43 39
18 33
34 1
38 1
24 28
38 2
18 34
19 7
18 35
21 29
9 41
13 23
8 34
7 36
12 35
8 35
23 6
0 6
35 36
23 7
24 29
35 37
37 35
17 35
26 23
6 29
0 7
9 42
24 30
0 8
35 38
10 42
18 36
8 36
26 24
21 30
21 31
35 39
21 32
24 31
2 21
1 16
26 25
0 9
6 30
35 40
26 26
9 43
6 31
24 32
8 37
38 3
42 23
6 32
38 4
18 37
18 38
43 9
20 9
29 25
35 41
35 42
26 27
32 11
26 28
24 33
12 36
23 8
6 33
37 36
6 34
26 29
26 30
32 12
6 35
20 10
10 43
3 19
5 33
4 46
13 24
10 44
6 36
38 28
38 29
19 8
38 30
45 6
45 7
32 13
35 43
34 2
42 39
7 37
30 29
5 0
30 30
45 0
45 8
26 31
45 9
43 10
45 10
45 11
45 12
45 13
45 14
19 9
19 10
24 34
39 17
17 36
13 25
18 39
35 44
5 34
16 23
5 35
45 24
20 11
8 38
6 37
10 45
32 14
18 40
43 11
40 14
30 31
30 32
3 44
19 11
26 32
20 12
6 38
34 3
24 35
21 33
26 33
43 12
10 46
35 45
39 18
14 15
6 39
11 0
15 27
32 15
26 34
18 41
23 9
23 10
11 1
11 2
35 46
0 10
8 39
8 40
8 41
20 13
15 28
26 35
24 36
41 2
12 37
2 37
36 0
12 38
2 22
2 38
34 4
6 40
29 26
34 5
26 36
34 6
34 7
43 40
45 25
29 27
16 24
26 37
26 38
30 33
39 19
43 13
18 42
39 20
32 16
16 25
45 26
38 31
39 21
17 37
39 22
30 34
15 29
32 17
21 34
34 8
18 43
23 11
20 14
38 32
36 1
6 41
19 12
23 12
46 18
24 37
37 37
30 35
32 18
0 11
19 13
23 13
34 9
41 3
16 26
23 14
21 35
9 44
36 2
30 36
34 10
41 37
40 15
32 19
23 15
44 36
21 36
40 16
45 27
41 4
30 37
36 3
15 30
12 39
3 20
34 11
1 17
2 23
32 20
3 45
42 24
20 15
42 25
34 12
26 39
2 39
43 14
42 26
42 27
41 5
41 6
23 16
39 23
5 1
42 28
24 38
32 21
12 40
0 12
30 38
0 13
0 14
3 46
14 16
11 46
16 27
9 45
9 46
16 28
16 29
30 39
0 15
10 0
7 38
32 22
5 36
3 33
32 23
15 31
12 41
14 17
41 38
23 17
2 24
8 3
26 40
45 28
2 40
32 24
42 29
41 7
24 39
40 17
23 18
23 19
3 34
26 41
24 40
15 32
26 42
41 39
30 40
6 42
16 30
29 28
15 33
30 41
41 8
8 4
8 5
16 31
11 3
16 32
16 33
5 37
0 16
10 1
24 41
29 29
26 43
10 2
24 42
34 13
40 18
8 6
20 16
8 7
14 18
1 18
38 33
15 34
29 30
32 25
30 42
26 44
2 25
23 20
36 4
23 21
21 37
16 34
2 26
17 38
17 39
43 15
17 40
40 19
34 14
2 27
26 45
5 2
41 9
21 38
23 22
37 38
36 5
36 6
30 43
26 46
24 43
27 0
27 1
42 17
32 26
42 40
29 31
34 15
42 41
36 7
34 16
27 2
20 17
27 3
6 43
0 17
2 41
0 18
42 42
6 44
27 4
41 10
36 8
36 9
36 10
21 39
2 28
12 42
5 38
5 39
4 0
5 40
15 35
38 34
5 41
14 19
36 11
24 44
46 19
15 36
4 1
14 20
24 45
11 4
13 26
0 19
11 5
12 0
13 27
4 2
27 5
4 3
7 39
7 40
40 20
21 40
46 20
46 21
46 22
46 23
46 24
46 25
46 26
46 27
46 28
46 29
47 16
27 6
41 40
41 11
34 17
32 27
11 6
4 4
12 1
46 30
27 7
21 41
36 12
17 41
36 13
44 37
24 46
27 8
27 9
12 2
1 19
32 28
3 21
15 37
12 3
27 10
5 3
34 18
27 11
29 32
13 28
27 12
14 21
32 29
12 4
14 22
11 7
14 23
13 29
19 14
30 44
20 18
2 4
12 5
30 45
20 19
2 5
43 16
20 20
43 17
27 13
41 41
34 19
32 30
29 33
19 15
20 21
20 22
43 18
12 6
2 6
1 20
14 24
25 0
38 35
11 8
21 42
27 14
40 21
11 9
36 14
39 24
11 10
39 25
27 15
17 42
38 36
23 23
6 45
20 23
11 11
4 5
45 15
23 24
21 43
21 44
15 38
25 1
1 37
42 43
16 35
12 43
21 45
40 22
12 44
30 46
44 0
1 21
31 0
37 39
27 16
36 15
31 1
29 34
31 2
36 16
25 2
3 22
12 7
14 25
27 17
29 35
32 31
27 18
25 3
38 37
15 39
27 19
13 30
14 26
23 25
5 42
18 44
19 16
13 31
25 4
10 3
25 5
41 42
14 27
27 20
6 46
8 42
34 20
21 46
18 45
20 24
18 46
13 32
44 1
45 16
39 26
45 17
44 2
32 32
45 18
27 21
29 36
39 27
45 29
36 17
19 25
7 0
7 1
39 28
44 3
15 40
46 0
19 26
46 1
39 29
44 4
20 25
41 43
12 45
23 26
34 21
42 44
34 22
45 30
16 36
36 18
45 31
45 32
13 33
31 3
42 30
20 26
36 19
7 2
0 20
19 27
20 27
10 4
42 31
27 22
8 43
5 43
31 4
34 23
44 38
34 24
16 37
20 28
19 28
2 42
14 28
44 5
29 37
27 23
32 33
34 25
1 7
10 5
27 24
32 34
2 29
5 44
29 38
25 6
0 21
12 8
8 44
10 6
42 18
8 45
1 38
38 38
27 25
41 44
14 29
39 30
10 7
25 7
32 35
29 39
36 20
0 22
23 27
10 8
14 30
43 41
1 39
27 26
5 45
8 46
2 30
44 6
25 8
22 0
31 5
39 31
22 1
41 12
2 31
11 12
4 6
13 34
34 26
23 28
16 38
27 27
4 7
31 6
12 9
27 28
12 10
4 8
40 23
16 39
34 27
29 40
27 29
41 13
11 13
3 23
11 14
5 46
16 40
41 14
14 31
41 45
15 41
42 45
20 29
25 9
10 9
7 41
6 0
20 30
38 39
19 29
34 28
31 7
17 43
42 46
4 9
25 10
25 11
7 3
39 32
25 12
37 40
36 21
36 22
4 10
13 35
10 10
27 30
1 40
9 0
9 1
36 23
31 8
23 29
16 41
0 23
0 24
31 9
5 4
14 32
1 8
4 11
34 29
1 9
29 41
32 36
12 46
31 10
23 30
34 30
29 42
0 25
12 11
16 42
34 31
46 31
46 32
46 33
40 24
46 34
16 43
46 35
46 36
46 37
20 31
34 32
13 0
45 43
22 2
8 8
34 33
36 24
20 32
32 37
20 33
25 13
13 36
14 33
14 34
4 12
13 1
1 22
31 11
27 31
7 4
7 42
41 15
40 25
44 7
36 25
38 40
7 5
17 44
7 6
9 2
43 19
27 32
17 45
11 15
32 38
25 14
17 46
44 8
41 46
2 7
27 33
40 26
2 32
13 2
19 17
39 33
14 35
11 16
40 27
41 16
5 5
16 44
7 7
29 43
22 3
13 37
1 10
6 1
6 2
11 17
9 3
38 5
38 6
38 41
9 4
36 26
38 42
43 20
32 39
34 34
11 18
7 8
11 19
10 11
31 12
16 45
11 20
43 42
11 21
11 22
11 23
42 0
41 17
11 24
43 21
15 42
27 34
1 23
8 9
8 10
41 18
16 46
6 3
4 13
17 0
10 12
40 28
27 35
29 44
12 12
13 38
32 40
34 35
13 3
27 36
4 14
43 22
34 36
41 19
41 20
44 9
20 34
44 39
27 37
32 41
43 23
13 39
32 42
14 36
9 5
36 27
36 28
22 4
40 29
25 15
14 37
13 4
25 16
15 43
2 8
22 5
25 17
20 35
20 36
36 29
10 13
7 9
2 9
44 10
31 13
22 6
42 1
44 11
32 43
44 12
34 37
27 38
31 14
3 24
12 13
2 33
12 14
19 30
13 5
27 39
14 38
7 10
36 30
12 15
43 24
27 40
29 45
8 11
6 4
2 34
15 44
5 6
18 0
18 1
27 41
1 24
17 1
34 38
46 38
27 42
38 43
14 39
23 31
13 40
40 30
7 11
13 6
32 44
20 37
18 2
37 41
39 34
19 18
36 31
14 40
7 12
39 35
5 7
19 31
19 32
7 43
44 13
36 32
44 14
44 15
42 2
9 6
23 32
31 15
7 44
12 16
31 16
7 45
44 16
15 45
2 35
15 46
36 33
25 18
42 3
27 43
16 0
3 0
3 1
2 10
32 45
44 17
32 46
7 13
9 7
9 8
38 7
38 8
17 2
20 38
20 39
44 18
22 7
22 8
22 9
45 1
20 40
10 14
36 34
12 17
36 35
5 8
38 9
19 33
20 41
20 42
7 14
14 41
36 36
36 37
8 12
1 41
22 10
31 17
10 15
12 18
13 41
16 1
27 44
14 42
33 0
13 7
12 19
12 20
14 43
5 9
42 4
44 40
1 25
29 46
6 5
20 43
20 44
7 15
20 45
6 6
22 11
25 19
36 38
25 20
1 26
5 10
25 21
14 44
1 27
27 45
30 0
27 46
3 2
3 3
14 45
13 8
14 46
15 0
42 5
12 21
25 22
15 1
25 23
43 25
17 3
10 16
31 18
9 9
17 4
34 39
39 36
38 44
44 19
46 2
31 19
40 31
45 33
19 34
36 39
5 11
20 46
23 33
18 3
37 42
13 9
34 40
44 20
28 0
39 37
28 1
9 10
46 39
46 40
46 41
31 20
6 7
42 6
28 2
3 4
11 25
42 19
15 2
31 21
2 43
15 3
25 24
5 12
0 26
28 3
23 34
11 26
0 27
25 25
33 1
34 41
15 4
28 4
28 5
6 8
31 22
3 5
5 13
5 14
12 22
16 2
18 4
18 5
31 23
0 28
16 3
22 12
1 11
4 15
5 15
10 17
4 16
33 2
36 40
34 42
0 29
7 16
40 32
22 13
17 5
3 30
13 10
13 42
33 3
7 17
9 11
3 6
19 35
19 19
19 36
18 6
44 21
36 41
18 7
36 42
39 38
39 39
28 6
21 0
36 43
41 21
7 18
33 4
39 40
39 41
43 26
17 6
39 42
17 7
45 34
10 18
34 43
22 14
25 26
34 44
39 43
33 5
36 44
28 7
33 6
22 15
28 8
13 11
18 8
38 45
44 22
22 16
13 43
33 7
33 8
31 24
17 8
33 9
28 9
23 35
0 30
23 36
16 4
1 42
15 5
9 12
23 37
0 31
21 1
6 9
13 12
7 19
10 19
28 10
7 20
40 33
9 13
13 13
10 20
4 17
33 10
5 16
10 21
9 14
28 11
23 38
36 45
43 27
38 10
23 39
21 2
0 32
10 22
17 9
17 10
13 44
43 43
21 3
10 23
17 11
28 12
22 17
6 10
33 11
36 46
31 25
34 45
25 27
16 5
37 0
3 31
41 22
17 12
34 46
16 6
4 18
17 13
4 19
16 7
28 13
23 40
28 14
23 41
11 27
7 21
41 23
35 0
28 15
21 4
12 23
8 13
7 22
7 23
4 20
9 15
30 1
35 1
42 32
17 14
42 20
19 37
44 41
33 12
18 9
15 6
8 14
35 2
15 7
33 13
21 5
37 1
40 34
18 10
15 8
35 3
31 26
37 2
28 16
28 17
28 18
45 44
11 28
22 18
37 3
37 4
4 21
42 7
25 28
9 16
42 8
22 19
39 0
37 5
35 4
35 5
46 42
46 43
46 44
46 45
47 17
46 46
47 0
44 42
44 43
44 44
11 29
2 44
31 27
42 33
33 14
37 6
37 7
18 11
43 0
39 44
39 45
21 6
25 29
39 46
6 11
39 1
28 19
28 20
13 14
3 7
28 21
13 45
1 28
1 29
5 17
28 22
1 12
35 6
28 23
13 46
1 30
25 30
31 28
28 24
28 25
14 0
30 2
11 30
17 15
33 15
16 8
15 9
28 26
31 29
28 27
37 8
28 28
22 20
40 0
37 9
44 45
30 3
25 31
23 42
44 23
19 38
31 30
41 24
39 2
19 39
9 17
5 18
18 12
28 29
33 16
35 7
4 22
12 24
28 30
33 17
18 13
37 43
23 43
42 9
12 25
28 31
13 15
22 21
3 8
22 22
4 23
22 23
19 20
9 18
14 1
38 11
11 31
23 44
19 40
19 21
19 41
1 43
23 45
41 25
43 44
37 10
25 32
5 19
41 26
41 27
11 32
1 44
17 16
37 11
23 46
9 19
28 32
13 16
10 24
18 14
42 10
33 18
25 33
3 9
1 45
31 31
24 0
43 28
0 33
33 19
19 42
1 31
17 17
7 24
31 32
40 1
17 18
28 33
22 24
28 34
31 33
37 12
28 35
16 9
42 34
33 20
15 10
1 32
28 36
30 4
6 12
24 1
28 37
31 34
0 34
24 2
4 24
10 25
14 2
11 33
16 10
15 11
0 35
17 19
9 20
0 36
39 3
0 37
39 4
44 24
3 25
42 11
43 45
3 10
41 28
38 12
38 13
38 14
10 26
16 11
40 2
17 20
1 33
9 21
18 15
0 38
0 39
39 5
15 12
3 32
28 38
35 8
30 5
21 7
11 34
5 20
28 39
4 25
43 29
28 40
17 21
28 41
13 17
0 40
4 26
5 21
3 26
25 34
28 42
28 43
3 11
45 35
37 13
28 44
16 12
3 27
15 13
30 6
12 26
28 45
3 12
5 22
4 27
4 28
30 7
28 46
8 15
8 16
18 16
31 35
0 41
33 21
25 35
12 27
43 30
16 13
25 36
40 35
0 42
1 46
6 13
13 18
0 43
43 46
11 35
22 25
0 44
0 45
12 28
33 22
35 9
40 3
6 14
44 25
41 29
4 29
40 4
25 37
18 17
31 36
18 18
16 14
44 26
39 6
44 27
39 7
22 26
46 3
44 28
21 8
24 3
44 29
21 9
41 30
29 0
43 31
37 14
13 19
3 13
24 4
46 4
46 5
31 37
15 14
33 23
41 31
17 22
18 19
35 10
18 20
22 27
31 38
7 25
33 24
6 15
35 11
19 43
25 38
21 10
17 23
9 22
21 11
44 30
40 5
22 28
29 1
6 16
25 39
24 5
14 3
19 44
31 39
29 2
41 32
37 44
44 31
7 26
10 27
16 15
3 14
24 6
3 15
11 36
3 16
3 17
44 32
30 8
8 17
25 40
12 29
12 30
31 40
7 27
7 28
44 33
38 15
9 23
9 24
39 8
37 15
31 41
35 12
42 35
24 7
18 21
35 13
29 3
40 36
1 34
37 16
35 14
35 15
15 15
24 8
37 45
43 32
9 25
9 26
44 34
41 33
2 45
7 29
2 46
0 46
29 4
29 5
15 16
44 46
42 21
22 29
25 41
15 17
17 24
35 16
37 17
42 12
24 9
15 18
35 17
33 25
35 18
37 18
47 1
45 36
37 19
37 20
43 33
24 10
24 11
37 21
37 22
37 46
42 13
12 31
4 30
30 9
29 6
4 31
29 7
25 42
33 26
1 0
4 32
12 32
19 45
10 28
19 22
24 12
41 34
29 8
1 1
10 29
24 13
21 12
25 43
9 27
42 14
47 18
47 2
47 3
47 4
47 5
47 6
47 7
47 8
47 9
47 10
47 11
47 12
47 13
24 14
47 14
45 37
10 30
16 16
45 45
4 33
7 30
4 34
37 23
35 19
18 22
40 6
25 44
45 38
37 24
45 19
37 25
7 46
5 23
45 39
35 20
21 13
6 17
43 34
45 46
11 37
37 26
33 27
33 28
29 9
38 46
40 37
22 30
19 46
1 2
22 31
43 1
46 6
40 7
1 3
22 32
30 10
45 20
45 21
35 21
35 22
18 23
40 38
33 29
18 24
40 8
37 27
