50 50
48 7
17 26
1 33
8 34
2 37
9 37
3 37
10 34
16 31
15 32
17 32
6 32
18 38
3 36
3 33
13 34
7 33
2 36
5 35
23 36
17 33
20 37
15 30
23 32
35 19
1 5
0 5
12 31
10 24
45 23
43 10
1 44
17 9
19 37
10 42
28 29
5 11
49 16
34 3
15 45
43 16
45 42
2 21
40 30
10 17
20 12
24 27
20 9
16 19
20 10
12 16
13 16
10 15
16 20
28 30
11 18
11 24
15 19
18 15
6 15
26 32
45 5
0 17
34 48
23 25
47 19
18 40
3 17
25 22
13 24
23 22
20 16
22 17
48 16
34 20
36 35
11 38
47 25
24 17
39 13
43 6
42 30
12 10
31 34
36 23
46 24
41 8
35 20
45 11
36 28
38 33
43 8
34 28
46 34
22 23
11 45
30 24
34 4
14 5
20 21
25 6
45 15
35 14
44 23
37 46
30 9
37 43
39 43
34 0
34 13
41 30
19 6
32 3
17 6
38 6
33 18
46 17
44 37
31 43
33 15
44 39
15 39
22 10
8 15
33 16
45 9
44 10
41 11
31 32
42 36
38 18
30 16
5 24
8 38
27 15
39 6
33 11
29 10
30 47
20 18
33 13
41 36
36 3
32 6
46 11
29 5
40 23
39 39
32 22
32 2
32 12
35 31
42 24
30 5
33 5
24 28
37 44
29 11
30 2
27 4
0 42
40 5
23 28
22 42
24 42
48 9
27 38
15 4
13 3
16 5
42 31
41 20
40 18
28 10
14 2
19 4
34 19
14 36
24 19
11 14
20 26
43 31
38 24
33 44
20 6
5 5
34 23
30 27
15 43
42 28
29 35
16 6
37 28
24 44
0 46
3 46
22 38
45 16
32 48
48 43
0 9
40 32
36 37
14 14
2 44
16 47
16 46
25 45
24 45
44 8
11 3
37 34
43 9
36 33
48 21
35 23
0 6
39 38
5 23
3 23
44 20
41 33
9 17
4 3
48 38
49 40
9 42
35 36
0 3
0 0
39 18
8 42
25 9
47 36
46 20
49 33
17 5
18 48
31 4
29 30
16 7
35 46
28 9
21 1
13 8
19 48
10 7
6 2
7 4
12 6
5 3
10 10
7 2
7 8
7 7
7 3
5 2
38 10
39 10
6 8
12 8
20 2
2 22
16 0
7 47
34 2
45 7
24 2
31 19
7 48
38 38
23 12
21 13
1 40
39 21
33 31
21 14
45 37
24 5
6 16
12 38
45 20
11 37
15 5
34 22
35 6
31 18
37 21
25 15
40 14
10 23
36 15
22 12
47 13
40 10
38 4
19 10
37 9
25 26
25 20
29 43
14 34
16 8
39 24
7 39
46 22
4 49
19 45
32 14
11 19
36 30
39 12
30 33
28 19
9 38
23 23
17 16
5 10
1 42
15 49
33 8
28 33
7 49
8 22
9 9
37 12
41 13
31 35
23 20
44 49
27 28
18 8
30 28
6 38
9 45
15 40
32 35
42 43
38 27
42 23
30 13
8 39
31 22
37 19
32 26
28 41
13 43
23 15
5 38
24 16
12 3
28 4
0 24
5 8
15 11
28 22
19 34
32 42
12 29
8 30
7 35
19 28
10 26
8 27
10 27
5 26
5 25
0 29
13 27
1 26
8 35
9 35
30 37
33 21
18 20
49 0
42 2
8 19
42 4
38 2
38 25
19 20
33 24
26 44
38 3
42 41
13 13
38 23
10 1
11 1
17 23
45 17
10 44
27 2
10 9
48 42
5 1
18 4
17 22
21 43
15 36
40 42
22 43
48 28
40 44
46 43
47 41
47 40
45 14
45 26
12 37
2 10
0 10
34 41
28 32
26 18
0 8
14 35
15 37
23 34
12 23
7 12
7 11
43 12
2 16
4 13
13 36
48 6
34 43
26 40
0 13
4 16
1 13
10 12
14 20
36 25
19 41
46 46
26 31
26 47
42 47
48 45
25 37
43 47
20 42
41 41
49 6
40 41
48 31
29 48
24 41
5 43
5 42
31 30
27 24
27 35
17 47
25 2
28 42
35 9
25 31
42 1
29 12
2 41
2 45
25 3
47 8
35 24
35 13
6 17
3 4
43 22
27 0
49 4
0 19
39 44
25 46
12 45
11 17
36 6
2 47
36 24
34 15
11 2
16 15
11 0
9 47
29 47
14 30
10 30
5 30
1 38
4 35
2 38
3 38
7 32
6 34
1 35
9 31
11 34
7 31
4 37
4 38
12 30
0 33
9 32
3 34
9 33
0 34
24 36
18 36
8 36
21 46
38 19
4 22
43 42
5 20
20 39
25 30
27 32
26 30
20 30
38 16
47 24
45 38
46 31
3 8
42 17
48 13
5 7
35 29
39 19
46 39
2 8
1 7
13 22
6 24
20 19
14 23
9 40
32 15
43 11
39 5
29 16
29 15
21 9
47 17
14 8
32 5
27 3
38 46
33 35
29 13
19 17
34 5
28 11
8 47
32 13
35 42
30 35
32 7
7 43
37 31
35 34
31 20
36 27
32 23
30 7
20 29
48 18
21 8
34 35
30 12
32 34
33 3
26 20
30 11
42 16
21 18
26 4
31 1
30 1
49 24
33 38
26 12
4 47
32 1
33 0
38 13
38 47
44 18
41 31
48 3
48 24
37 29
35 32
45 13
28 16
36 21
42 13
36 34
30 4
42 40
19 8
37 33
28 25
36 16
23 24
15 14
26 45
34 47
40 47
39 8
17 46
14 47
9 48
37 5
20 22
30 31
41 5
38 43
39 14
23 17
21 16
7 24
44 45
27 39
22 25
4 17
27 40
23 31
6 13
9 14
14 18
18 10
17 11
16 18
13 17
11 15
18 12
23 26
20 15
12 20
21 10
39 32
22 15
16 16
25 23
26 23
8 20
10 16
11 20
17 44
26 10
29 46
24 40
34 8
20 11
41 24
33 12
4 41
21 24
4 42
26 22
30 36
40 38
24 1
4 6
33 6
35 41
8 12
20 0
25 43
35 10
38 9
16 4
36 5
31 26
46 23
22 21
36 7
18 9
35 25
29 1
37 2
5 0
23 21
33 46
18 31
49 17
43 49
40 48
25 27
2 49
20 45
13 46
16 45
25 49
30 49
32 49
16 40
36 47
26 49
9 22
13 11
27 49
44 30
37 22
35 2
25 44
37 10
38 30
15 12
33 20
14 11
24 8
11 12
43 40
38 49
37 48
14 40
0 49
5 45
14 6
30 43
43 24
17 49
19 31
40 49
41 49
23 19
37 30
44 17
46 9
38 34
37 35
31 16
37 45
2 1
0 2
37 32
6 44
21 39
1 47
26 46
37 8
3 47
15 13
44 9
22 39
36 17
21 7
0 47
12 42
46 37
2 2
20 25
39 35
46 30
43 21
20 4
8 37
23 11
28 15
34 37
2 18
12 14
4 18
12 35
12 19
45 21
45 39
33 23
48 14
49 38
44 38
41 22
14 37
48 34
48 36
46 36
0 15
45 8
25 39
44 24
49 21
21 21
35 40
34 44
13 9
11 46
12 7
31 14
9 4
31 0
8 2
10 11
23 9
42 21
47 34
11 9
8 6
15 7
14 7
15 6
6 6
43 23
11 7
14 46
45 34
3 5
7 41
33 17
27 8
30 0
12 2
4 19
44 21
36 2
8 21
35 16
13 0
30 18
16 3
22 1
14 1
17 1
17 42
22 0
11 6
13 39
21 2
10 3
22 4
19 0
20 3
7 17
19 14
10 38
13 5
25 5
20 14
4 45
34 11
42 25
43 28
35 12
36 46
6 37
23 8
18 44
6 47
14 0
26 21
18 2
25 34
43 29
3 0
21 41
2 42
38 12
37 27
32 33
19 5
27 18
30 20
28 49
6 0
17 45
5 39
43 45
28 18
21 27
20 28
24 34
11 23
12 25
0 31
0 26
10 25
6 25
1 29
6 26
17 28
18 26
16 26
16 27
19 30
4 25
7 27
5 29
6 30
6 27
8 28
0 28
3 30
13 28
33 48
30 23
30 39
40 46
42 44
27 41
16 41
10 43
43 48
47 46
17 41
44 44
18 42
20 41
25 40
18 41
22 41
7 46
49 45
6 45
31 40
45 44
21 40
20 33
42 48
16 12
38 44
33 33
23 33
18 23
8 45
32 38
45 4
49 28
37 26
5 12
29 32
1 21
31 42
1 16
44 48
3 16
0 20
1 10
4 10
10 14
2 11
44 1
48 23
46 21
8 11
3 42
0 22
0 48
14 32
15 35
16 23
13 7
27 13
16 36
27 31
4 20
32 36
8 49
25 42
10 45
16 49
27 46
47 0
22 24
41 1
12 49
46 2
46 0
44 3
43 0
41 2
22 48
48 26
44 6
15 10
41 16
47 27
26 36
27 23
49 32
28 35
7 45
32 28
26 34
47 28
25 38
44 12
26 19
24 24
3 1
18 22
44 47
15 22
39 36
17 8
40 4
45 0
43 1
30 21
14 13
40 15
46 4
37 23
7 0
12 4
27 30
5 17
6 43
44 27
8 40
13 31
1 3
39 30
11 47
18 45
41 25
6 20
40 25
13 45
21 12
11 36
0 41
46 16
30 17
41 46
29 9
40 13
34 25
35 11
47 23
33 26
0 1
40 9
29 38
5 15
37 37
2 9
3 7
35 38
39 15
47 33
0 23
38 35
5 16
14 4
23 48
7 18
39 37
30 14
43 13
28 14
4 5
44 7
9 39
28 36
26 37
41 39
47 35
48 10
49 37
27 9
17 39
38 17
26 11
47 30
3 3
6 23
6 3
15 3
8 1
18 6
23 4
10 5
7 10
15 0
8 23
13 1
28 8
20 8
22 3
5 48
46 6
8 3
2 19
9 1
6 4
41 37
23 0
38 5
29 18
29 31
12 12
49 11
42 39
48 35
46 32
2 3
21 25
26 5
0 40
21 42
12 5
5 22
49 13
7 20
34 14
38 37
3 9
39 20
45 36
35 47
34 26
30 46
34 40
36 12
9 21
21 45
31 45
44 42
11 43
12 43
48 5
14 38
36 45
15 2
23 45
42 38
41 19
23 2
23 1
24 0
17 3
12 0
37 1
21 47
40 40
20 5
23 49
20 47
4 12
35 43
14 42
11 48
15 48
35 48
5 49
32 27
18 32
44 34
12 48
29 49
39 49
10 35
42 49
13 41
1 23
12 11
13 12
39 41
5 13
44 40
5 14
2 14
34 33
35 5
31 28
38 11
34 7
36 38
31 12
35 27
9 20
18 13
12 24
12 18
49 20
38 28
39 29
29 40
38 29
11 21
25 47
38 45
5 21
27 20
17 14
35 17
3 44
6 21
4 14
14 19
18 19
15 16
14 17
15 18
28 27
18 7
44 26
20 36
19 35
25 29
14 31
24 31
19 47
25 33
14 24
21 30
11 44
36 31
13 35
22 13
25 8
42 37
24 18
33 34
44 32
37 20
45 10
2 5
29 25
16 13
25 4
40 7
21 20
25 7
20 23
31 3
15 46
28 7
27 17
42 11
41 38
48 32
45 33
1 1
34 18
46 13
30 44
26 3
39 33
41 18
22 9
20 13
30 32
31 31
32 31
20 34
43 35
39 7
43 37
9 15
27 11
23 14
8 18
34 16
14 21
9 18
41 10
41 35
40 35
48 20
47 10
21 11
46 19
18 39
11 40
12 40
8 13
30 10
6 40
28 12
31 11
37 41
28 46
40 29
30 25
30 3
31 25
36 0
32 11
16 39
38 42
34 39
32 10
29 37
32 29
33 29
32 30
41 12
18 17
33 10
29 3
36 26
36 42
46 8
30 38
46 15
45 28
39 22
37 7
16 11
37 40
45 6
8 41
9 41
4 43
13 29
11 29
14 29
4 30
15 26
10 29
20 38
26 6
1 4
0 30
2 28
0 25
19 27
18 28
37 11
11 42
28 47
9 28
7 25
0 32
3 28
15 28
9 27
19 25
5 28
14 27
2 26
4 29
2 29
11 27
11 26
18 25
6 28
4 26
13 26
11 25
3 39
7 34
11 32
1 39
1 37
12 33
10 39
2 34
0 39
5 34
10 32
0 38
19 33
6 36
15 33
16 33
11 35
49 7
8 31
2 35
13 30
16 30
17 30
10 31
17 34
7 37
22 31
20 27
21 28
23 39
8 17
39 46
4 46
12 22
1 8
9 12
15 1
18 0
32 21
33 22
49 18
40 11
29 41
5 9
11 49
27 37
39 11
33 49
21 22
36 9
12 46
34 17
22 40
45 27
22 46
11 41
18 49
25 24
27 33
42 19
14 3
25 0
48 17
29 4
24 6
8 5
34 29
17 7
7 44
1 41
38 48
19 32
18 46
43 26
30 29
36 11
29 42
27 43
26 43
18 16
9 7
37 49
7 38
19 49
45 48
15 41
14 41
0 43
25 13
24 21
10 41
27 21
31 13
32 40
38 8
46 33
6 42
33 45
26 39
24 46
22 19
16 43
26 14
45 25
44 31
4 44
42 26
43 27
30 45
9 23
27 45
39 45
44 11
5 44
3 2
0 45
42 46
30 15
47 9
47 16
41 7
31 17
24 39
21 26
19 1
27 5
46 7
32 19
40 20
17 15
15 15
19 16
23 3
10 0
20 1
21 0
41 48
6 48
16 1
16 2
20 7
45 30
49 30
7 23
43 19
38 21
41 32
0 4
1 9
13 38
45 29
7 16
3 24
47 31
10 22
38 32
22 14
41 21
48 11
43 18
40 33
13 2
22 5
6 1
32 20
34 36
25 17
21 44
24 4
32 18
47 7
44 19
35 22
49 36
10 6
11 11
49 29
7 6
9 6
16 48
8 8
35 28
35 39
12 47
48 39
48 12
34 31
8 43
47 12
47 37
36 36
25 12
26 16
31 27
33 30
9 46
21 4
49 34
47 11
29 36
25 1
28 5
21 3
3 19
36 13
46 41
19 44
1 19
39 3
37 18
17 0
16 17
29 19
5 19
21 19
13 37
33 32
6 10
24 23
20 40
47 22
35 45
10 18
26 26
32 4
15 9
25 18
31 36
35 7
26 17
18 29
19 26
15 29
16 29
6 31
10 36
6 29
17 25
3 27
1 30
7 29
2 30
12 28
3 29
9 26
5 36
5 27
3 25
12 27
1 27
21 5
12 9
9 49
36 14
29 33
15 42
2 40
25 25
31 46
26 28
10 47
16 24
35 30
36 10
27 26
14 49
40 26
6 22
21 29
37 42
31 38
49 3
41 14
34 30
31 15
34 42
36 29
37 6
37 14
42 14
40 8
45 24
22 7
35 21
35 33
31 5
31 33
16 14
44 15
21 23
23 42
33 7
29 17
35 8
45 41
32 8
42 12
33 9
35 3
40 6
44 41
33 1
31 10
35 18
38 40
23 7
31 2
10 8
29 14
48 47
38 41
22 29
30 6
38 36
28 6
22 16
42 7
36 44
34 27
32 25
29 2
27 12
43 5
37 3
31 7
30 8
39 0
34 12
33 2
38 31
38 0
44 13
5 47
49 14
18 18
24 29
28 45
44 33
43 32
42 32
37 15
31 44
39 16
40 39
43 17
32 9
40 17
41 17
21 34
6 7
9 16
24 12
42 29
25 11
49 41
8 16
42 10
23 18
48 8
42 35
22 27
9 30
8 26
2 31
16 28
10 28
13 33
9 25
3 26
1 45
1 46
28 20
48 19
8 24
9 24
19 40
17 48
41 47
27 27
22 22
27 6
27 29
26 7
42 15
32 46
39 48
3 49
43 25
36 19
7 40
9 13
37 16
31 24
44 25
41 9
38 20
36 32
42 9
24 7
18 24
33 39
19 24
17 13
11 39
2 48
7 9
34 9
22 8
48 41
28 1
41 23
30 19
34 1
39 40
22 20
36 40
31 6
33 28
23 16
33 36
37 4
30 22
32 0
23 29
35 15
33 37
34 6
26 13
29 0
29 6
22 18
46 26
25 21
16 44
34 38
42 42
19 18
15 44
47 15
39 34
4 48
24 13
32 17
32 24
36 8
31 8
13 10
42 34
32 44
11 8
38 14
38 15
28 39
44 35
49 12
27 10
43 39
23 10
43 38
25 10
24 14
6 11
27 22
14 15
19 11
12 15
13 20
21 15
10 20
19 19
22 28
13 18
11 16
18 11
10 21
19 9
16 37
3 43
47 21
20 24
7 36
26 27
19 15
36 4
5 6
34 34
33 25
24 15
48 30
26 24
28 43
29 44
28 21
21 17
31 9
20 17
24 43
5 41
30 30
40 24
43 33
4 7
49 8
4 21
18 14
3 41
17 37
45 22
1 24
1 17
22 26
19 39
10 40
17 10
24 25
37 17
34 49
42 45
45 19
49 19
24 22
19 13
13 15
19 12
17 20
30 42
17 19
14 16
7 13
4 8
24 26
28 17
17 12
7 14
7 15
44 16
28 26
3 40
14 22
19 38
31 37
40 36
49 22
47 26
10 37
19 36
3 11
33 41
15 20
12 36
22 30
3 14
3 10
24 49
8 14
0 11
47 3
49 1
46 27
9 11
2 13
39 25
27 25
15 21
8 0
40 2
2 6
37 39
33 43
48 1
48 2
30 40
33 40
46 3
34 21
44 0
9 5
5 40
23 40
43 30
19 42
44 22
42 27
48 44
46 47
49 2
42 0
39 26
47 1
44 14
16 10
27 7
0 7
4 1
1 6
31 23
49 31
34 10
20 46
27 34
27 19
47 14
27 48
44 43
10 46
40 28
28 38
49 15
21 33
30 48
26 35
26 48
45 45
45 43
46 5
48 46
46 44
24 35
47 45
22 37
46 18
23 38
25 35
39 31
25 36
28 28
16 22
29 7
46 45
13 23
18 21
27 44
48 33
28 44
10 19
13 19
10 2
15 8
32 45
15 17
18 5
17 4
27 47
19 7
24 9
18 3
35 0
19 2
14 9
24 3
5 4
40 12
7 1
19 22
29 28
28 23
25 19
25 16
28 24
18 47
48 27
29 8
30 34
26 38
31 41
20 31
29 23
28 34
17 38
5 37
43 2
47 2
43 41
43 3
4 15
41 27
25 32
48 25
45 1
40 3
43 34
44 2
29 39
9 0
11 4
39 1
44 4
41 3
6 18
39 23
17 21
13 6
20 20
7 5
38 26
31 21
48 15
47 43
44 5
5 46
23 37
45 47
29 29
41 0
28 2
41 44
28 3
20 48
23 41
48 29
40 0
43 46
49 25
26 8
25 41
40 31
28 37
39 42
43 4
28 40
1 20
0 18
12 17
3 13
45 40
1 12
2 12
4 11
0 21
26 33
46 14
49 39
33 42
41 28
24 37
22 44
35 4
40 43
28 31
31 48
49 44
20 44
13 44
36 1
12 41
25 28
9 36
23 44
27 36
20 43
14 43
29 34
6 14
8 46
31 39
27 14
46 25
2 46
40 45
13 14
7 21
4 23
1 15
2 15
39 47
49 43
42 8
36 20
40 16
38 22
24 48
1 2
11 10
34 32
4 0
44 29
40 34
42 33
37 38
21 6
8 4
8 7
33 4
8 10
9 10
10 4
9 8
32 39
9 3
22 45
37 0
8 9
40 22
4 4
23 46
40 37
8 48
3 22
14 45
26 0
28 0
49 5
9 2
33 14
37 13
40 21
12 21
3 6
17 2
18 1
31 47
22 2
19 3
4 40
13 42
23 5
36 39
31 29
26 15
14 39
2 24
4 9
44 28
35 35
35 37
4 24
23 13
6 49
42 6
16 42
32 47
1 0
11 22
41 34
22 6
33 27
34 45
45 35
3 15
45 12
26 9
2 0
9 43
37 36
43 7
3 18
24 10
46 12
2 7
48 37
42 18
47 32
4 2
49 35
47 38
49 10
46 10
46 35
24 11
40 19
47 20
46 38
43 20
42 22
36 41
45 31
43 36
44 36
47 39
22 11
13 48
22 47
30 26
41 26
20 49
25 14
14 12
7 22
14 10
15 24
21 49
32 32
42 20
6 41
45 32
38 1
14 48
35 1
23 43
36 43
1 43
46 48
8 44
19 46
17 40
9 44
44 46
15 47
13 40
37 47
38 7
6 9
23 6
6 46
47 48
10 49
36 49
36 48
24 20
34 46
31 49
14 33
6 39
1 25
13 25
4 27
4 28
14 25
8 25
7 28
15 25
41 6
29 45
39 9
49 47
43 15
16 9
49 9
35 49
2 23
13 47
29 20
32 37
35 26
17 24
16 38
3 12
48 22
3 31
29 26
4 31
7 30
11 28
0 27
15 27
2 25
9 29
14 26
7 26
19 29
17 31
17 29
23 27
27 16
16 32
11 30
12 32
4 39
12 34
4 36
0 36
4 33
5 32
0 35
4 34
2 32
9 34
3 32
1 36
4 32
17 17
17 18
0 44
18 34
22 34
21 36
16 34
24 30
18 37
15 34
23 47
47 6
6 19
41 40
32 16
21 37
33 19
18 33
17 36
18 30
2 4
21 38
17 27
20 32
17 35
18 35
6 35
39 28
2 43
15 38
22 49
13 49
3 45
21 35
22 35
22 36
3 21
46 29
39 17
5 18
22 32
36 22
16 35
15 31
11 31
18 27
21 32
24 32
1 34
10 33
5 33
5 31
8 32
6 33
1 32
8 33
13 32
3 35
2 39
2 33
0 37
11 33
3 48
26 29
33 47
36 18
32 41
45 2
7 19
40 1
37 25
41 4
42 3
45 3
45 18
46 1
47 4
32 43
10 13
49 26
47 29
43 14
25 48
1 18
10 48
1 22
1 11
13 21
1 48
0 16
6 12
1 14
2 17
23 30
0 14
29 21
17 43
11 13
15 23
9 19
16 21
39 27
2 20
28 13
3 20
47 18
13 4
29 27
48 40
37 24
21 48
49 42
19 21
12 1
41 15
47 47
26 42
1 49
22 33
18 43
34 24
12 13
6 5
12 44
21 31
49 27
14 44
26 2
26 1
29 24
40 27
42 5
24 47
47 42
35 44
39 4
24 33
43 44
26 25
19 43
12 39
26 41
45 46
24 38
41 45
23 35
47 5
41 43
47 44
27 42
49 46
43 43
41 42
19 23
48 4
28 48
29 22
41 29
7 42
11 5
30 41
46 40
20 35
27 1
49 23
0 12
38 39
46 42
46 28
39 2
48 0
2 27
8 29
12 26
1 28
1 31
16 25
14 28
