21 21
18 10
8 9
20 7
12 4
0 16
18 14
0 6
11 12
2 19
14 8
1 20
10 9
3 17
14 19
7 6
2 4
15 18
0 2
8 13
12 14
5 15
7 0
14 1
14 5
17 12
7 3
7 11
1 2
8 11
1 6
19 10
2 11
20 10
15 8
4 17
2 2
15 5
15 0
7 4
11 18
5 12
15 1
19 14
16 8
13 4
17 8
3 2
14 13
6 12
20 1
12 18
13 14
7 1
5 17
16 5
18 8
13 18
8 0
6 17
3 4
12 12
7 7
3 11
19 8
0 9
0 18
8 15
1 15
13 12
2 15
19 19
14 2
7 5
4 4
17 5
9 15
15 4
8 7
7 2
0 0
9 11
18 5
20 8
10 15
9 7
0 13
9 13
16 0
11 9
2 14
2 20
15 13
1 9
14 11
1 18
20 14
10 7
4 2
19 5
16 1
19 15
1 0
10 11
5 4
12 9
15 2
11 11
2 0
3 20
13 2
3 14
18 12
10 13
4 14
7 19
3 15
4 7
11 15
14 20
16 2
14 9
15 20
15 19
7 13
17 2
3 0
2 9
8 3
2 18
4 11
4 15
9 9
3 19
15 11
3 9
2 6
5 7
1 16
17 0
4 9
5 9
0 10
12 11
5 2
5 14
1 13
13 11
7 12
12 15
6 2
2 16
5 11
4 0
11 7
8 2
3 6
18 0
18 2
16 20
0 3
9 0
4 6
19 2
12 7
9 3
3 16
6 7
16 4
20 2
4 19
2 13
10 3
5 19
13 9
13 7
7 8
1 3
10 0
6 15
11 13
1 10
13 15
7 15
15 9
2 3
7 16
16 18
16 9
6 4
4 20
8 19
8 16
9 16
0 17
14 3
3 18
14 16
8 6
4 18
6 11
20 5
14 6
14 7
15 16
3 3
15 3
17 9
8 8
8 5
0 8
9 19
14 15
16 16
10 16
4 3
7 14
8 14
0 12
0 5
16 19
16 11
9 14
2 10
6 14
15 7
5 3
11 16
18 9
10 19
6 3
3 10
1 5
2 5
1 12
3 13
19 0
9 8
18 16
11 0
9 5
2 12
12 0
0 14
8 4
13 0
19 20
8 12
12 16
17 1
4 13
17 18
14 17
17 11
4 10
5 0
10 5
18 11
15 15
5 6
16 13
19 9
9 6
17 13
15 17
18 18
16 7
11 19
12 8
5 18
16 3
12 19
13 19
8 1
9 1
16 17
5 10
13 16
17 19
3 5
17 3
19 12
4 16
0 15
18 13
19 16
6 10
18 1
5 20
20 9
13 8
1 17
7 20
6 6
15 6
20 0
8 20
5 13
10 14
20 15
19 11
12 13
6 13
14 10
4 5
10 1
9 12
10 6
17 4
0 7
6 0
18 3
9 20
5 16
7 10
1 8
0 1
6 18
1 1
0 4
20 11
3 12
11 1
14 12
9 4
7 17
17 7
19 13
18 7
2 8
2 1
11 3
17 20
11 6
12 3
6 16
20 13
8 10
9 10
8 17
13 3
19 3
5 5
10 8
9 2
3 8
18 4
16 15
9 17
10 10
4 12
10 17
6 19
0 19
12 1
1 7
16 6
20 3
17 6
14 4
4 8
11 10
11 17
19 7
10 4
5 8
14 14
17 15
6 5
18 6
18 19
20 16
15 14
18 20
12 17
17 17
0 20
15 12
6 8
18 17
10 12
3 1
16 14
6 9
19 6
11 4
11 14
11 8
1 4
10 20
19 17
11 5
1 19
19 18
12 6
15 10
20 18
16 10
17 14
10 2
20 17
12 5
4 1
0 11
2 7
19 1
13 17
20 6
13 1
11 20
13 13
7 9
12 20
19 4
11 2
7 18
12 2
20 12
5 1
1 14
6 1
13 5
14 18
20 19
2 17
18 15
13 20
17 10
8 18
9 18
20 4
12 10
16 12
10 18
3 7
14 0
1 11
6 20
13 6
17 16
13 10
