34 34
5 3
19 7
22 10
19 14
0 19
25 31
32 31
13 28
10 9
13 30
4 23
0 4
10 7
16 26
15 26
17 15
14 7
32 1
6 4
17 3
15 22
5 28
2 29
4 14
17 11
5 32
20 21
0 21
6 2
9 12
21 11
25 14
1 30
3 22
6 32
7 31
0 14
1 28
0 31
13 8
14 8
17 17
2 3
20 14
3 19
18 6
28 9
12 2
12 0
14 22
13 13
27 10
23 6
1 17
19 10
1 11
24 31
18 30
3 25
23 21
16 8
13 26
12 3
12 20
10 15
14 6
25 7
9 16
19 6
19 13
7 26
8 31
23 20
12 27
24 29
16 16
24 7
15 21
15 1
4 1
30 7
25 13
11 24
16 4
20 13
8 32
10 16
17 24
2 16
12 25
30 20
27 22
22 25
33 21
20 24
21 25
0 12
18 5
9 4
0 23
11 10
8 5
24 9
0 1
18 12
19 0
11 22
23 19
6 9
14 14
10 19
20 19
8 30
15 7
27 9
9 26
0 22
9 5
15 12
26 1
0 16
23 1
10 24
4 19
27 3
27 1
18 7
31 22
33 23
32 24
22 23
24 26
1 16
19 9
26 2
2 1
30 26
18 16
5 6
17 19
17 28
2 12
26 13
8 0
17 8
5 12
22 14
14 1
6 7
5 20
9 18
22 4
1 1
14 18
5 27
28 24
32 16
30 10
26 25
31 12
32 12
26 17
33 28
29 26
33 27
26 23
27 14
31 11
33 3
27 5
21 23
27 16
33 4
13 29
5 15
6 21
14 25
25 6
12 5
8 23
7 9
11 6
5 14
22 27
28 30
9 33
25 18
17 2
14 23
22 1
8 10
28 6
10 13
11 14
22 21
7 15
5 23
12 31
20 16
21 13
17 1
27 18
18 24
28 17
28 18
18 26
1 26
26 16
27 8
11 2
30 6
19 12
19 11
18 13
0 5
15 0
11 1
23 9
26 3
25 11
31 0
17 18
6 13
3 1
9 6
24 4
11 16
22 0
12 16
24 2
10 4
16 1
30 0
12 9
17 14
11 13
15 14
15 6
3 13
9 21
20 18
6 0
20 6
11 7
19 29
6 11
16 10
15 10
11 30
10 14
21 31
16 31
5 16
15 25
17 26
25 4
17 31
19 18
3 11
9 3
0 26
22 20
7 17
18 27
5 25
28 4
28 5
27 21
27 12
21 16
21 15
0 18
4 9
29 8
30 8
21 9
2 0
24 19
25 30
8 6
2 17
10 30
4 27
21 10
2 4
19 5
24 28
13 12
18 10
30 2
2 28
2 33
19 32
13 21
25 29
13 17
9 13
0 11
31 5
11 32
13 22
24 5
14 17
3 29
6 1
31 9
1 2
3 28
5 19
19 31
16 30
3 31
7 5
29 14
11 29
12 23
17 30
9 30
15 2
1 12
20 11
2 2
4 2
13 6
5 26
5 21
6 20
12 24
18 18
25 21
22 16
12 19
2 32
26 7
25 1
18 20
26 28
29 6
10 12
13 32
3 2
9 10
10 10
24 10
1 33
15 28
29 22
24 18
25 25
28 22
23 24
24 24
27 26
33 22
20 25
17 23
17 0
29 30
16 29
20 2
7 30
18 28
23 15
6 27
31 26
32 11
30 28
28 23
31 29
33 18
24 22
24 15
32 19
31 25
33 13
33 9
14 0
32 29
29 12
28 19
30 24
31 1
24 21
7 23
1 13
4 33
27 17
27 15
32 3
6 24
19 26
0 29
7 14
14 32
14 2
8 19
5 9
7 7
3 30
16 6
9 0
17 12
29 0
17 5
20 15
21 7
3 20
13 33
29 24
2 27
17 22
12 32
10 8
6 5
19 23
0 8
17 16
10 5
18 19
23 10
29 20
6 12
0 7
27 29
14 16
23 27
6 10
26 19
24 20
9 20
2 18
6 31
9 11
17 27
4 25
26 30
16 17
12 28
4 28
12 22
14 10
18 4
16 14
31 16
12 15
7 3
16 0
6 8
19 30
13 0
14 12
12 4
8 16
1 22
7 2
24 3
10 29
27 4
32 5
31 15
1 27
13 7
0 10
22 11
8 7
21 5
28 0
24 1
29 9
30 4
26 9
24 23
30 22
32 23
32 22
31 20
3 15
8 3
22 24
25 27
23 25
16 13
30 23
6 33
29 3
11 31
7 0
17 20
6 28
23 2
20 0
23 7
12 14
0 0
7 27
16 23
28 10
6 30
29 15
20 1
14 29
0 33
3 0
15 19
0 27
21 29
4 12
17 32
5 30
0 6
29 11
23 4
7 1
25 3
13 16
31 4
5 17
22 9
7 18
3 23
12 7
1 14
9 15
3 10
15 33
19 2
17 9
12 17
10 22
20 20
1 21
26 31
14 28
12 29
3 32
23 29
3 21
16 24
14 13
14 33
14 5
23 3
9 31
24 27
5 18
4 29
7 32
30 13
5 0
4 18
25 28
28 14
2 26
20 12
7 21
12 11
13 15
21 28
19 3
21 19
10 23
23 28
0 28
27 31
17 25
3 17
5 7
12 10
11 26
33 1
14 24
24 14
1 25
1 6
33 19
33 26
28 25
29 21
30 12
33 29
33 11
30 11
14 19
3 7
32 25
31 28
21 22
30 14
32 13
25 23
33 6
29 13
2 6
5 33
4 8
30 5
26 4
26 6
9 28
17 10
15 8
2 19
14 27
7 25
13 11
4 4
2 31
8 25
4 6
5 29
7 6
5 31
7 4
8 12
16 33
4 13
23 13
25 9
27 0
11 18
2 22
11 11
10 0
33 31
18 22
31 31
4 15
7 11
17 6
25 0
3 9
8 17
23 12
2 14
28 8
24 13
23 16
10 20
29 19
31 17
32 15
22 18
8 22
16 22
15 27
31 10
20 31
13 1
0 3
27 19
21 24
1 15
10 26
31 21
19 24
29 23
33 20
32 21
25 26
26 22
23 26
10 18
24 0
9 27
29 2
20 9
21 8
12 18
29 10
22 7
32 4
11 15
3 33
25 12
25 20
19 25
19 22
13 10
18 21
19 4
17 13
1 32
12 26
3 18
21 26
1 3
20 7
13 5
9 14
27 28
7 29
7 22
15 30
4 0
16 21
2 13
30 19
29 17
33 15
29 18
28 2
29 5
23 0
12 1
6 18
4 24
28 20
25 19
23 14
13 24
6 16
30 3
13 27
22 5
24 6
16 12
15 15
24 8
29 4
8 18
6 22
2 10
19 8
22 22
18 3
2 11
13 4
20 10
16 9
14 9
8 26
26 21
0 17
11 4
2 8
27 11
12 12
8 13
3 27
15 18
0 13
8 20
24 11
7 33
11 21
13 18
18 32
32 0
18 15
9 23
23 8
3 6
8 14
6 17
20 3
32 8
28 1
1 8
29 31
13 20
23 11
7 8
2 9
11 28
6 19
12 13
26 14
15 11
10 27
27 6
21 3
5 1
7 28
15 17
30 9
29 7
11 33
4 32
19 28
13 31
10 6
21 27
2 30
24 30
11 0
0 25
23 30
17 21
6 6
6 23
21 6
31 13
27 7
14 11
9 32
0 2
18 25
0 32
1 31
19 19
16 11
31 7
26 8
6 25
21 1
22 3
28 11
16 18
16 19
16 5
10 1
3 4
29 28
16 3
22 31
13 23
6 29
16 20
3 24
25 5
15 24
18 14
5 11
0 24
9 8
22 6
31 3
1 10
9 22
25 16
20 5
14 20
18 9
18 8
20 8
22 26
15 13
3 3
11 12
4 30
18 29
28 3
24 12
8 4
9 24
16 7
20 4
6 26
14 3
15 3
9 25
11 5
21 4
26 10
4 26
22 19
9 19
7 20
1 24
8 33
21 18
9 29
0 15
22 29
32 9
16 28
13 9
15 23
10 33
22 28
23 31
30 15
21 2
10 21
15 9
19 27
32 7
14 31
5 8
20 28
26 11
32 2
11 19
11 27
17 4
6 14
22 30
28 12
4 22
16 2
28 31
10 25
13 19
22 2
18 11
25 8
12 21
17 7
15 5
11 17
9 1
3 16
5 5
21 30
10 2
20 27
9 17
20 26
21 14
1 18
5 24
31 2
26 12
24 17
27 13
25 24
30 25
30 27
28 21
33 16
30 17
23 17
29 27
26 24
21 21
31 24
32 14
33 30
31 30
27 23
25 17
32 30
28 28
30 29
19 20
27 2
33 0
28 29
31 14
29 29
28 15
22 15
30 30
13 25
19 1
3 5
11 23
4 21
4 11
26 15
11 9
4 3
20 29
0 20
18 2
15 16
32 10
20 23
5 10
1 29
18 23
16 27
14 4
32 6
19 21
8 21
25 15
27 30
8 2
3 8
8 15
8 29
2 25
28 13
8 11
1 4
8 1
5 4
25 2
33 10
32 17
1 7
11 8
31 19
23 18
19 17
8 8
14 26
28 16
21 20
33 14
20 17
3 12
26 18
10 11
1 0
12 33
1 20
12 6
21 17
19 15
1 5
25 22
25 10
18 17
4 5
4 16
10 28
9 7
16 25
1 23
29 16
20 30
23 5
2 24
1 9
18 31
17 29
16 15
27 27
31 23
26 26
33 24
32 20
24 25
26 27
22 13
31 6
12 30
11 25
7 16
26 5
6 3
14 21
10 3
13 2
13 3
20 32
14 30
15 31
22 12
14 15
16 32
28 7
9 9
4 10
0 30
31 27
21 12
22 8
7 24
5 13
2 23
6 15
7 12
20 22
30 31
10 17
11 20
24 16
0 9
26 0
15 20
8 27
2 20
5 2
5 22
7 19
12 8
2 5
3 26
4 31
18 1
33 2
18 0
21 0
15 32
10 31
2 21
4 20
4 7
31 8
29 1
30 1
15 4
1 19
8 9
32 27
2 15
27 25
22 17
33 17
27 20
30 18
29 25
28 27
27 24
33 25
30 21
32 26
33 5
28 26
23 22
33 12
26 29
32 28
30 16
32 18
33 7
26 20
31 18
23 23
33 8
3 14
11 3
19 16
13 14
8 28
7 13
2 7
4 17
7 10
15 29
9 2
10 32
8 24
