12 12
3 0
0 0
11 3
1 3
4 5
5 11
0 5
6 9
2 3
5 5
3 1
7 7
1 8
2 10
4 1
8 7
1 5
6 8
11 9
9 10
2 8
9 4
10 7
11 7
7 8
9 8
10 1
10 8
0 11
4 2
0 6
3 6
6 10
6 4
11 8
0 4
0 3
1 0
4 0
2 0
10 4
6 0
0 1
4 6
7 0
3 9
1 1
11 4
9 5
2 1
5 0
8 8
9 6
10 10
4 3
6 6
7 10
7 6
4 9
7 4
5 1
5 6
3 7
4 7
1 4
2 4
7 2
11 1
8 0
8 2
9 0
3 2
1 11
1 6
2 5
7 11
7 9
11 10
10 5
8 4
0 2
5 7
3 4
8 6
3 8
4 8
6 5
6 3
2 11
10 0
5 2
7 3
6 1
2 6
5 9
8 10
10 6
0 7
8 9
7 1
8 1
8 11
6 11
9 2
9 9
1 7
5 3
11 6
5 8
7 5
0 9
1 9
3 10
4 10
1 2
11 0
5 10
2 2
10 2
4 4
2 9
6 7
9 1
11 2
2 7
3 3
0 10
5 4
10 3
8 5
6 2
9 3
3 11
10 9
11 5
1 10
4 11
8 3
9 7
0 8
3 5
