84 83
48 38
40 4
55 77
44 59
15 29
42 62
53 32
66 33
65 0
44 11
76 79
47 32
71 47
26 63
76 80
63 79
63 80
69 29
41 25
60 65
70 71
69 30
53 12
70 72
70 73
55 78
71 48
33 56
31 17
43 51
16 26
14 51
40 5
3 0
9 35
4 28
26 64
26 65
70 74
81 48
81 49
40 6
71 49
47 33
76 81
44 12
71 50
69 31
74 34
53 47
71 51
72 0
72 1
66 34
66 35
66 36
40 7
70 75
66 37
76 82
72 2
61 0
41 26
63 81
65 1
65 2
41 27
60 48
69 32
77 0
66 38
69 33
70 76
70 77
4 29
44 13
69 34
50 55
63 82
65 3
65 4
64 0
72 3
77 1
75 0
61 1
60 28
41 28
72 4
66 39
61 2
66 40
44 60
71 19
66 41
41 29
71 20
72 5
41 30
42 63
44 61
81 50
60 29
60 30
66 42
72 6
69 35
66 43
44 62
70 78
44 63
77 2
77 3
72 7
61 3
74 35
74 36
72 8
74 37
44 64
77 4
41 71
61 4
35 27
15 30
52 4
43 52
43 0
38 55
39 0
39 1
52 5
36 7
14 52
0 25
7 75
9 36
0 26
0 0
29 26
10 70
16 27
36 0
17 31
3 33
7 76
26 0
19 51
25 2
27 53
3 1
26 26
6 62
4 30
39 2
25 3
27 54
6 63
35 28
17 32
48 20
19 52
17 33
9 37
25 4
6 64
0 1
9 38
24 5
15 31
8 7
33 57
22 33
19 53
17 34
15 32
37 7
10 71
6 65
19 54
30 0
33 58
40 8
8 0
7 77
27 55
31 18
43 53
22 34
31 19
15 33
27 56
38 0
53 48
31 20
43 54
8 1
4 31
4 32
0 71
19 55
29 27
4 33
40 9
40 10
17 35
4 34
55 31
0 2
8 8
25 5
25 6
16 28
25 7
29 28
29 29
29 30
10 72
10 73
10 74
39 57
10 75
10 76
6 66
33 59
11 74
17 36
7 78
33 60
26 27
26 1
26 2
26 3
0 27
37 54
0 28
38 56
26 4
26 5
26 6
4 35
38 57
38 75
26 7
30 55
35 29
33 61
55 32
29 31
29 32
0 29
19 56
14 26
4 36
0 3
22 35
53 49
25 8
15 34
17 37
30 56
4 37
35 30
9 39
8 9
17 38
29 33
26 28
33 62
0 4
26 29
30 57
19 57
29 34
19 58
7 79
35 31
31 21
19 59
8 10
9 40
25 9
19 60
43 55
4 38
27 57
17 39
43 56
44 14
43 1
27 58
4 39
17 40
8 11
4 40
9 41
4 41
8 12
4 42
25 10
0 30
17 41
9 42
25 11
33 63
39 3
14 53
4 43
9 43
37 55
24 6
19 61
37 56
16 29
16 30
16 31
36 8
39 4
52 6
48 39
52 7
39 5
52 8
48 40
48 41
39 6
17 61
12 49
7 80
7 81
43 57
12 50
35 32
10 77
35 33
35 34
35 35
17 0
17 1
17 42
17 43
17 44
4 44
8 13
8 14
29 35
4 45
8 15
8 16
10 78
1 77
9 44
10 79
19 62
8 17
4 46
37 57
37 58
1 78
19 63
17 45
14 27
33 64
37 59
38 58
0 52
33 65
33 66
37 60
1 79
0 53
37 61
0 54
3 34
37 62
37 63
13 0
1 55
1 56
6 67
33 67
3 2
33 68
1 57
4 47
50 56
1 80
0 55
37 64
3 35
37 65
47 0
15 35
17 46
17 47
17 48
22 36
17 49
17 50
17 51
17 52
47 1
19 64
12 51
17 53
0 31
40 11
17 54
17 55
17 56
17 57
0 32
0 33
36 9
37 8
12 52
12 53
17 62
12 54
7 82
4 48
10 80
4 49
4 50
19 65
65 56
4 51
17 2
3 36
39 58
3 37
3 38
15 36
58 36
58 37
1 58
35 36
11 75
39 59
3 39
48 21
1 59
55 33
1 60
1 61
55 34
55 35
55 36
58 38
1 81
53 50
55 79
53 51
58 39
53 13
58 40
0 34
1 82
11 76
9 45
24 7
9 46
19 66
26 30
27 59
31 22
8 18
26 66
8 19
32 65
27 60
32 66
26 67
27 61
22 37
19 67
31 23
32 67
29 36
19 68
32 68
37 9
27 62
17 58
6 68
22 38
22 39
22 40
36 10
26 68
24 8
35 37
19 69
6 69
27 63
35 38
26 69
32 69
32 70
32 71
6 70
18 0
31 24
6 71
47 34
31 25
31 26
22 41
31 27
4 52
6 72
22 42
31 28
29 37
18 1
19 70
22 43
18 2
9 47
31 29
27 64
36 11
19 71
29 38
8 20
8 21
9 48
6 73
4 53
27 65
33 69
39 60
31 30
3 40
30 1
30 2
31 31
31 32
37 10
30 3
17 63
30 4
30 5
27 66
26 31
26 70
14 54
22 44
26 8
31 33
27 67
49 15
32 72
11 77
27 68
37 11
19 72
31 34
3 77
3 78
30 6
31 35
31 36
36 12
30 7
30 8
37 12
30 9
36 13
31 37
36 14
12 55
36 15
6 74
30 10
25 12
72 9
77 5
25 13
24 9
14 28
25 14
11 78
2 0
25 15
15 37
2 1
35 39
44 65
48 42
69 36
0 35
81 51
81 52
44 15
81 53
81 7
13 55
13 56
13 57
43 2
3 41
75 1
75 2
75 3
75 4
76 15
75 5
75 6
75 7
75 8
75 9
76 16
75 10
76 17
75 11
81 8
76 18
75 12
75 13
75 14
48 22
76 19
75 15
75 16
75 17
71 0
71 1
76 20
76 21
71 2
75 18
71 3
45 46
80 0
75 19
71 4
81 9
81 10
81 11
81 12
75 20
81 13
81 54
81 14
75 21
49 75
81 15
81 16
49 76
49 52
49 53
49 54
49 55
75 22
81 17
76 22
43 3
44 66
13 58
13 59
75 23
76 23
75 24
75 25
75 26
76 24
35 40
61 5
72 10
41 31
48 43
69 37
49 16
77 6
77 7
72 11
53 14
77 8
77 9
72 12
44 67
44 68
69 38
64 1
41 32
74 38
77 10
77 11
43 4
77 12
44 69
53 33
79 51
79 52
77 13
74 39
74 40
74 41
49 17
44 70
49 18
15 38
13 1
2 2
9 49
11 79
15 39
11 80
19 73
19 74
19 75
27 69
19 76
6 75
15 40
37 66
14 55
27 70
43 58
19 77
22 45
31 38
22 46
22 47
4 54
19 78
19 79
32 73
37 13
39 61
19 80
19 81
19 82
18 3
27 71
14 56
9 50
22 48
11 81
31 39
6 76
27 72
25 16
24 10
15 41
6 77
31 40
3 3
37 67
16 32
20 0
24 11
37 68
6 78
32 74
20 1
9 51
9 52
26 71
22 49
26 72
6 79
32 75
27 73
31 41
36 16
6 80
6 81
36 17
10 81
36 18
31 42
27 74
20 2
26 73
14 57
4 55
0 36
33 70
3 42
10 82
35 41
11 0
4 56
6 82
20 3
9 53
37 69
20 4
8 22
3 4
38 1
4 57
8 23
33 71
35 42
2 3
15 42
14 58
24 12
7 0
38 2
20 5
26 74
37 70
22 50
20 6
22 51
20 7
24 13
55 80
24 14
24 15
4 58
31 43
20 8
24 16
37 71
24 17
24 18
9 54
22 52
24 19
4 59
20 9
18 4
37 72
24 20
22 53
27 75
22 54
27 76
37 73
18 5
25 17
35 43
31 44
2 4
4 60
77 14
72 13
52 9
66 44
77 15
41 33
61 6
65 5
70 79
61 7
79 53
77 16
66 45
64 2
66 46
61 8
66 47
77 17
77 18
66 48
18 6
16 33
33 72
33 73
35 44
2 5
37 74
20 10
0 72
2 6
11 82
20 11
13 2
13 3
25 18
39 62
13 4
4 61
20 12
9 55
4 62
11 1
25 19
18 7
20 13
4 63
15 43
12 0
39 63
39 64
8 24
33 74
25 20
12 1
41 34
14 0
37 75
20 14
15 44
7 1
15 45
15 46
77 19
72 14
77 20
41 35
61 9
77 21
41 36
66 49
44 71
72 15
77 22
72 16
72 17
74 42
64 3
69 39
79 54
65 6
64 4
77 23
41 37
72 18
72 19
72 20
66 50
77 24
72 21
71 21
47 35
44 16
79 55
72 22
66 51
72 23
69 40
61 10
40 12
40 13
49 19
66 52
61 11
66 53
61 12
61 13
41 38
40 14
61 14
61 15
44 72
79 56
61 16
66 54
77 25
61 17
66 55
42 64
61 18
64 5
77 26
64 6
69 41
66 56
64 7
26 32
24 21
66 57
41 39
66 58
72 24
61 19
77 27
66 59
61 20
44 17
61 21
60 71
42 65
61 22
61 23
65 62
72 25
65 63
65 64
65 65
44 18
72 26
69 42
72 27
72 28
75 27
66 60
41 40
66 61
0 37
81 18
44 19
60 49
66 62
61 24
72 29
64 8
77 28
42 66
61 25
66 63
47 36
61 26
66 64
40 15
60 50
64 9
64 10
66 65
66 66
64 11
40 16
66 67
41 41
44 20
77 29
66 68
42 67
40 17
61 27
74 43
61 28
77 30
60 51
71 22
65 7
79 57
41 42
64 12
60 31
76 25
61 29
76 26
72 30
40 18
61 30
72 31
65 8
40 19
77 31
44 21
65 9
44 73
69 43
41 43
64 13
77 32
77 33
61 31
65 10
40 20
64 14
79 58
74 44
74 45
22 55
31 45
8 25
11 2
35 45
12 2
77 34
70 80
47 37
53 52
65 48
66 69
66 70
69 44
49 56
72 32
77 35
65 11
44 74
61 32
65 12
64 15
65 13
66 71
61 33
64 16
66 72
61 34
77 36
64 17
47 38
77 37
44 22
66 73
72 33
69 45
49 77
66 74
72 34
72 35
66 75
66 76
56 34
43 5
33 75
43 6
56 35
56 36
38 65
56 37
59 56
56 38
59 57
56 0
59 58
59 0
56 1
54 0
56 2
59 59
82 21
48 44
48 45
82 22
43 7
82 23
53 15
82 24
66 77
70 81
56 39
54 1
59 60
59 61
56 40
56 41
56 3
56 42
59 62
56 4
56 43
59 1
56 5
57 0
35 46
0 38
0 39
0 40
0 41
29 39
0 5
0 42
0 43
47 15
47 16
58 61
58 62
55 37
53 53
55 38
58 63
55 81
50 57
45 59
58 64
50 58
55 82
50 59
49 78
45 60
56 44
52 54
49 79
53 54
50 60
54 77
49 80
50 61
52 55
47 71
48 46
47 72
53 55
50 62
46 52
46 53
53 56
58 65
58 66
58 67
55 39
56 45
56 46
53 57
56 47
53 58
53 59
53 60
56 48
53 61
55 40
58 68
55 41
50 63
50 64
58 69
53 62
53 63
50 65
56 49
56 50
50 66
50 67
50 68
50 69
50 70
45 61
53 64
56 51
50 71
49 81
49 82
53 65
56 52
56 53
53 66
53 67
52 56
45 62
54 78
50 72
53 68
50 73
50 74
53 69
50 75
53 70
50 76
12 3
76 27
65 14
47 17
50 0
50 1
69 46
47 18
50 2
69 47
44 23
60 67
69 48
61 35
60 68
79 59
44 75
79 60
79 61
47 39
79 62
45 48
45 63
56 54
50 3
45 64
45 65
50 77
46 54
45 66
50 78
50 79
37 76
47 2
50 4
45 67
50 5
50 6
57 1
56 6
57 2
59 2
54 2
57 3
59 3
59 4
57 4
54 3
59 63
59 64
54 4
57 5
57 6
59 5
54 5
54 6
54 7
56 7
54 8
59 65
57 7
54 9
57 8
54 10
54 11
54 12
56 8
54 13
59 6
59 66
54 14
54 15
57 9
59 7
80 29
80 30
0 79
66 78
41 44
66 79
66 80
47 40
77 38
53 71
48 47
48 48
80 31
82 25
82 26
48 49
80 32
82 27
80 33
80 34
82 28
48 50
82 29
80 35
82 30
80 36
80 37
48 51
80 38
4 64
76 28
41 45
61 36
72 36
65 15
41 46
8 26
33 76
18 8
37 77
18 9
37 78
15 47
14 1
39 7
7 2
4 65
8 44
8 45
12 56
12 57
12 58
3 5
12 59
12 60
35 47
33 77
4 66
12 61
12 62
37 79
40 21
18 10
18 11
37 80
18 12
0 44
30 58
9 56
14 59
9 57
4 67
9 58
25 21
20 15
3 6
14 60
18 13
11 3
18 14
18 15
29 40
8 27
27 77
22 56
0 50
31 46
38 59
26 33
16 34
2 7
49 38
2 8
35 48
11 4
4 68
0 45
16 35
1 62
14 61
4 69
18 16
8 28
32 76
26 34
11 5
11 6
20 16
33 78
18 17
4 70
4 71
20 17
8 46
2 9
20 18
22 57
20 19
25 22
4 72
53 16
29 41
2 10
9 59
14 29
4 73
4 74
22 58
22 59
29 42
29 43
27 78
32 77
20 20
27 79
20 21
20 22
31 47
20 23
7 3
20 24
16 36
15 48
4 75
24 22
22 60
25 23
16 37
9 60
22 61
20 25
27 80
15 49
4 76
32 78
44 24
24 23
20 26
2 11
30 59
20 27
22 62
9 61
20 28
11 7
0 6
33 79
35 49
15 50
15 51
31 48
29 44
22 63
11 8
16 38
11 9
48 52
52 10
39 8
39 9
52 11
48 53
52 0
52 12
48 54
48 55
39 10
37 14
16 39
2 12
33 80
29 45
39 11
50 7
7 4
27 81
26 35
26 75
0 46
20 29
27 82
3 7
3 8
14 30
25 24
25 25
29 46
25 26
35 50
2 13
35 51
9 62
35 52
2 14
4 77
12 63
43 8
12 64
37 15
37 16
12 65
7 5
17 64
12 66
12 67
17 65
22 64
12 68
12 69
12 70
2 15
0 47
0 48
18 18
4 78
18 19
31 49
4 79
18 20
0 49
3 43
17 3
4 80
8 29
22 65
22 66
18 21
18 22
18 23
47 3
20 30
14 2
30 60
2 16
0 51
2 17
28 0
2 18
17 4
18 24
17 5
7 6
0 56
37 81
18 25
17 6
18 26
33 81
18 27
17 7
18 28
17 8
8 2
8 30
4 81
15 52
8 31
7 7
8 32
8 33
8 34
37 82
18 29
18 30
3 9
20 31
33 82
16 40
4 82
17 66
5 0
12 71
17 67
34 0
81 55
77 39
81 56
77 40
13 60
81 57
13 61
77 41
77 42
44 76
80 1
75 28
76 29
75 29
75 30
75 31
76 30
71 5
76 31
75 32
81 19
71 6
75 33
71 7
81 0
76 32
75 34
81 20
81 1
76 33
81 2
81 21
81 22
81 23
81 24
81 25
81 26
81 27
70 82
81 28
81 29
76 34
49 57
76 35
47 19
13 62
81 30
43 9
75 35
13 63
76 36
61 37
13 64
75 36
43 10
75 37
0 7
34 1
0 8
34 2
18 31
20 32
18 32
18 33
47 4
20 33
18 34
18 35
2 19
38 6
34 3
53 17
34 4
38 7
34 5
11 10
3 10
38 8
34 6
16 41
34 7
65 57
3 44
3 45
2 20
20 34
20 35
34 8
7 8
39 65
12 4
12 5
12 6
12 7
8 35
16 42
34 9
14 62
8 36
1 0
2 21
11 11
14 63
69 49
47 41
41 47
81 58
81 59
74 46
65 16
81 60
72 37
77 43
77 44
44 25
72 38
72 39
77 45
74 47
69 50
60 52
77 46
41 48
81 61
66 81
77 47
41 49
61 38
66 82
77 48
67 0
67 1
65 17
69 51
45 68
76 37
31 50
40 22
53 34
65 66
44 77
65 67
67 2
41 50
77 49
41 51
67 3
77 50
67 4
76 38
44 26
40 23
69 52
71 23
72 40
60 72
41 52
41 53
72 41
16 43
54 16
57 10
57 11
59 8
57 12
59 9
54 17
57 13
57 14
57 15
57 16
54 18
59 10
59 67
57 17
59 11
57 18
59 12
67 5
41 54
71 24
61 39
71 52
61 40
61 41
77 51
61 42
71 25
67 6
61 43
41 55
40 24
65 68
72 42
34 10
30 61
1 1
32 79
1 2
41 56
67 7
80 39
80 40
48 56
77 52
67 8
77 53
80 41
82 31
82 32
48 57
82 33
82 34
80 42
80 43
82 35
80 44
80 45
82 36
48 58
82 37
82 38
82 39
48 59
48 60
82 40
80 46
48 61
48 62
82 41
53 18
53 19
48 63
80 47
53 20
44 27
46 55
46 56
46 57
45 69
50 80
50 81
45 70
46 58
46 59
46 60
46 61
50 82
45 71
45 72
29 47
50 8
45 73
50 9
46 62
45 49
47 5
51 0
51 1
51 2
51 3
51 4
51 5
50 10
51 6
51 7
51 8
51 9
51 10
51 11
45 74
51 12
51 13
45 75
50 11
51 14
50 12
50 13
55 42
51 15
50 14
53 72
46 63
45 76
47 6
45 50
47 7
79 63
61 44
69 53
60 69
79 64
47 8
50 15
52 57
45 77
51 16
45 78
51 17
45 79
51 18
45 80
53 73
51 19
51 20
51 21
50 16
51 22
51 23
50 17
52 58
51 24
45 81
51 25
53 74
45 82
46 0
47 73
46 64
52 59
53 75
46 1
51 26
46 2
46 3
50 18
50 19
47 74
46 4
55 43
47 75
51 27
58 70
72 43
77 54
67 9
53 35
61 45
67 10
67 11
57 19
54 19
57 20
54 20
59 68
57 21
57 22
59 13
54 21
58 29
59 69
41 57
42 68
72 44
79 65
71 53
44 78
60 32
61 46
41 2
67 12
61 47
58 30
57 23
59 14
54 22
57 24
54 23
54 24
59 15
57 25
57 26
57 27
55 0
59 16
59 70
59 17
57 28
56 9
57 29
57 30
67 13
67 14
64 18
72 45
72 46
67 15
49 39
61 48
64 19
67 16
64 20
69 54
72 47
60 53
41 72
41 58
43 11
29 48
64 21
64 22
40 25
72 48
55 1
77 55
65 69
55 2
38 66
8 47
38 67
56 10
59 71
55 3
59 18
57 31
57 32
59 19
59 72
59 20
56 11
56 12
56 13
60 0
57 33
57 34
56 14
57 35
57 36
59 21
34 11
57 37
57 38
58 41
60 1
77 56
47 42
65 70
44 28
42 69
72 49
67 17
72 50
65 18
44 79
81 62
61 49
67 18
67 19
61 50
77 57
64 23
64 24
69 55
35 53
24 24
5 1
67 20
67 21
77 58
77 59
38 9
38 10
9 63
18 36
67 22
72 51
29 49
11 12
48 23
8 48
7 9
25 27
15 53
72 52
11 13
49 20
65 19
72 53
48 24
72 54
64 25
77 60
74 48
77 61
79 66
77 62
65 49
64 26
74 49
40 26
82 42
72 55
72 56
72 57
67 23
64 27
67 24
77 63
81 63
67 25
41 59
44 29
53 76
72 58
41 60
61 51
61 52
67 26
61 53
41 3
61 54
41 61
61 55
67 27
61 56
61 57
79 67
77 64
60 33
69 56
64 28
71 26
41 4
49 58
49 21
67 28
77 65
77 66
44 80
74 50
79 68
77 67
44 81
72 59
44 30
77 68
60 34
61 58
69 57
71 27
67 29
67 30
41 62
77 69
41 73
77 70
72 60
39 66
72 61
67 31
61 59
65 20
5 2
61 60
67 32
77 71
77 72
49 40
44 82
41 63
72 62
69 58
77 73
72 63
53 77
72 64
60 35
64 29
45 0
67 33
69 59
61 61
67 34
67 35
72 65
72 66
69 60
67 36
64 30
49 41
47 43
61 62
67 37
61 63
72 67
67 38
61 64
67 39
72 68
61 65
67 40
67 41
61 66
61 67
40 27
69 61
72 69
77 74
72 70
61 68
61 69
72 71
61 70
67 42
72 72
72 73
65 21
65 22
61 71
72 74
67 43
35 54
45 1
61 72
49 42
72 75
41 64
61 73
60 54
60 55
71 54
64 31
77 75
49 43
42 70
40 28
65 23
40 29
72 76
69 62
60 36
47 44
72 77
77 76
41 65
67 44
39 67
71 55
61 74
77 77
79 69
72 78
76 39
61 75
61 76
76 40
41 66
76 41
81 64
61 77
49 44
67 45
42 71
61 78
72 79
64 32
41 67
41 68
81 65
41 69
42 72
61 79
61 80
79 70
64 33
64 34
72 80
61 81
49 22
61 82
42 73
5 3
65 24
65 25
71 28
62 0
62 1
47 45
77 78
74 51
74 52
41 70
67 46
40 30
67 47
77 79
77 80
62 2
62 3
62 4
41 74
47 46
67 48
72 81
45 2
34 12
5 4
5 5
49 23
8 37
2 22
29 50
56 55
56 56
58 71
56 57
56 58
53 78
55 44
55 45
50 20
56 59
55 46
56 60
55 47
58 72
53 79
55 48
55 49
53 80
46 5
53 81
53 82
54 25
54 26
56 61
52 60
54 27
56 62
11 14
65 26
65 27
67 49
77 81
74 53
42 74
67 50
45 3
65 28
47 47
72 82
67 51
73 0
67 52
65 29
67 53
45 4
71 56
44 31
67 54
73 1
42 0
77 82
67 55
45 5
40 31
78 0
78 1
29 51
25 28
35 55
8 38
22 67
25 29
12 8
39 68
34 13
3 11
5 6
5 7
14 31
14 32
22 68
3 12
7 10
8 49
35 56
15 54
15 55
34 14
26 36
12 9
43 12
5 8
25 30
14 33
12 10
16 44
26 76
20 36
24 25
32 80
34 15
31 51
24 26
18 37
28 1
7 11
9 64
22 69
26 77
26 78
22 70
32 81
32 82
29 52
8 39
20 37
18 38
7 12
30 62
26 37
16 45
37 17
26 38
37 18
16 46
2 23
5 9
9 65
15 56
22 71
5 10
35 57
1 3
36 1
37 19
36 19
3 46
7 13
36 20
37 20
31 52
36 21
3 47
37 21
31 53
20 38
31 54
31 55
37 22
5 11
24 27
3 48
14 64
33 0
14 65
34 16
34 17
25 31
14 66
30 11
30 12
15 57
30 13
30 14
30 15
30 16
28 2
26 39
37 23
31 56
36 22
36 2
30 17
20 39
9 66
27 0
33 1
22 72
1 4
20 40
9 67
33 2
22 73
22 74
26 40
5 12
33 3
7 14
47 48
31 57
20 41
31 58
33 4
33 5
33 6
20 42
11 15
28 3
27 1
5 13
28 4
20 43
33 7
22 75
28 5
35 58
18 39
33 8
33 9
31 59
22 76
11 16
31 60
24 28
31 61
33 10
1 5
22 77
1 6
8 40
8 41
14 34
1 7
29 53
33 11
34 18
24 29
22 78
11 17
9 68
28 6
22 79
8 42
29 54
20 44
27 2
8 43
33 12
28 7
41 5
22 80
29 55
29 56
11 18
11 19
11 20
38 3
45 6
34 19
11 21
17 9
15 58
24 30
9 69
31 62
22 81
28 8
1 63
38 11
38 60
34 20
3 13
31 63
11 22
38 12
27 3
35 59
0 9
20 45
5 14
9 70
39 12
37 24
31 64
31 65
1 8
9 71
28 9
20 46
20 47
34 21
49 24
14 67
37 25
33 13
25 32
22 82
28 10
25 33
24 31
14 68
9 72
14 69
28 11
9 73
20 48
28 12
14 70
34 22
33 14
28 13
20 49
18 40
18 41
7 15
24 32
25 34
11 23
54 28
8 50
9 0
20 50
23 0
8 51
7 16
8 52
29 57
31 66
20 51
9 74
31 67
9 75
27 4
20 52
7 17
18 42
20 53
7 18
20 54
38 13
14 71
14 72
20 55
14 73
7 19
29 58
7 20
7 21
35 60
34 23
15 59
39 69
15 60
7 22
7 23
7 24
12 11
20 56
25 35
20 57
38 14
18 43
24 33
9 76
38 15
7 25
28 14
28 15
18 44
28 16
30 18
28 17
36 23
31 68
26 41
34 24
11 24
16 47
16 48
20 58
27 5
14 74
24 34
28 18
27 6
20 59
28 19
28 20
20 60
20 61
27 7
20 62
53 36
58 42
58 43
58 44
3 14
3 15
35 61
5 15
12 12
12 72
12 73
12 13
12 14
12 15
55 50
58 45
49 59
55 29
1 64
55 30
55 51
31 69
14 3
5 16
34 25
2 24
35 62
1 9
0 10
55 52
30 63
39 13
39 14
39 15
52 13
52 14
52 15
52 16
52 17
35 63
14 75
28 21
18 45
7 26
26 42
28 22
27 8
9 77
28 23
33 15
7 27
26 43
2 25
2 26
3 16
3 17
12 74
30 64
35 64
1 10
27 9
30 65
1 11
23 1
20 63
28 24
31 70
5 17
5 18
23 2
26 9
5 19
27 10
26 10
31 71
25 36
35 65
2 27
20 64
39 16
44 32
43 13
17 10
20 65
39 70
5 20
5 21
14 35
5 22
8 53
34 26
47 49
18 46
18 47
18 48
18 49
12 75
12 76
12 77
12 78
12 79
44 33
3 18
18 50
34 27
14 76
12 16
34 28
30 66
39 17
35 66
29 59
3 49
11 25
11 26
11 27
2 28
18 51
17 11
17 12
18 52
18 53
17 13
3 19
5 23
12 80
18 54
17 68
9 1
60 37
47 9
14 77
38 16
11 28
43 14
12 81
12 82
35 67
8 54
43 15
13 5
17 69
13 6
29 60
2 29
23 3
18 55
18 56
23 4
25 37
2 30
2 31
38 17
38 18
5 24
0 57
2 32
0 58
5 25
53 37
20 66
15 61
8 3
3 20
40 32
2 33
5 26
18 57
2 34
55 53
34 29
31 72
5 27
34 30
31 73
35 68
11 29
12 17
12 18
1 12
31 74
8 55
5 28
30 67
30 68
1 13
35 69
8 56
33 16
31 75
38 19
2 35
0 59
2 36
38 20
2 37
38 21
0 60
34 31
38 22
27 11
34 32
65 58
35 70
53 21
18 58
43 16
11 30
11 31
2 38
1 65
49 25
7 28
5 29
5 30
8 57
35 71
31 76
35 72
27 12
5 31
33 17
43 59
24 35
28 25
38 76
38 77
26 11
5 32
30 69
11 32
25 38
38 4
29 61
5 33
12 19
7 29
5 34
27 13
14 78
38 72
5 35
26 12
43 60
15 62
1 14
71 29
67 56
40 33
81 66
40 34
81 67
69 63
50 21
78 2
67 57
78 3
69 64
73 2
69 65
44 34
69 66
73 3
73 4
65 30
64 35
69 67
69 68
55 54
69 69
81 68
60 73
71 57
73 5
73 6
65 31
64 36
31 77
3 50
35 73
73 7
73 8
40 35
69 70
69 71
69 72
73 9
47 50
60 38
65 32
42 1
67 58
74 54
41 75
81 69
78 4
78 5
62 5
42 2
42 3
73 10
71 58
60 56
42 4
60 57
69 73
45 7
67 59
69 74
62 6
73 11
65 33
62 7
67 60
67 61
42 5
71 30
34 33
78 6
74 55
71 31
67 62
67 63
76 42
62 8
42 6
64 37
60 39
62 9
62 10
62 11
62 12
62 13
62 14
69 75
78 7
65 34
67 64
45 8
62 15
40 36
64 38
67 65
42 7
23 5
3 51
1 15
1 16
69 76
64 39
54 29
1 17
57 39
57 40
57 41
59 22
57 42
57 43
59 23
60 2
57 44
9 78
5 36
5 37
23 6
78 8
78 9
42 8
73 12
78 10
73 13
67 66
67 67
62 16
67 68
67 69
67 70
78 11
78 12
49 60
78 13
73 14
71 59
41 76
62 17
73 15
44 35
62 18
78 14
69 77
67 71
73 16
78 15
41 6
45 9
48 25
53 22
73 17
41 7
1 18
62 19
62 20
73 18
78 16
73 19
65 35
78 17
67 72
78 18
42 9
64 40
38 73
67 73
78 19
65 36
65 71
48 64
69 78
73 20
54 30
45 10
74 56
71 60
71 61
67 74
69 79
69 80
45 11
69 81
69 82
70 0
78 20
31 78
34 34
9 79
73 21
62 21
73 22
73 23
40 37
64 41
70 1
73 24
70 2
42 10
78 21
1 19
50 22
70 3
62 22
54 31
47 20
45 47
47 10
62 23
62 24
62 25
43 17
62 26
79 71
79 72
79 73
79 74
60 70
79 75
13 65
54 32
58 73
47 21
58 74
58 75
56 63
47 76
50 23
46 65
56 64
51 28
56 65
51 29
46 6
51 30
55 55
50 24
51 31
46 66
51 32
51 33
52 61
45 51
46 7
45 52
62 27
45 53
70 4
45 54
46 67
51 34
50 25
51 35
51 36
58 76
51 37
51 38
52 62
51 39
50 26
54 33
51 40
46 8
51 41
54 34
51 42
58 77
46 9
51 43
58 78
46 10
58 79
56 66
55 56
50 27
55 57
58 80
58 81
56 67
55 58
56 68
55 59
54 35
58 82
54 36
51 44
59 73
55 60
55 61
51 45
54 37
59 74
46 68
59 75
51 46
51 47
51 48
46 69
51 49
51 50
56 69
46 11
51 51
54 38
51 52
50 28
54 79
50 29
46 12
51 53
51 54
46 70
47 77
47 78
46 13
50 30
51 55
51 56
46 14
50 31
54 39
46 71
50 32
46 15
46 72
47 79
56 70
50 33
51 57
73 25
73 26
74 57
42 75
53 38
67 75
67 76
67 77
45 12
80 48
67 78
82 43
42 11
82 44
80 49
48 65
62 28
71 32
33 18
49 45
73 27
57 45
47 22
43 61
57 46
56 15
57 47
59 24
60 3
60 4
57 48
59 25
59 26
59 27
59 28
60 5
80 50
48 66
82 45
48 67
80 51
82 46
82 47
30 19
29 62
35 74
55 4
60 6
55 5
57 49
55 6
43 62
57 50
57 51
55 7
60 7
55 8
57 52
59 29
60 8
57 53
57 54
57 55
57 56
59 30
56 16
57 57
57 58
57 59
57 60
56 17
60 9
59 31
60 10
57 61
55 9
57 62
58 31
59 32
55 10
55 11
57 63
56 18
57 64
55 12
58 32
55 13
57 65
48 68
79 76
48 69
48 70
80 52
82 48
82 49
48 71
80 53
82 50
80 54
82 51
48 72
48 73
82 52
48 74
80 55
48 75
80 56
48 76
80 57
82 53
48 77
80 58
82 54
80 59
80 60
48 78
82 55
35 75
42 76
78 22
56 19
60 11
57 66
59 33
59 34
57 67
59 35
59 36
59 37
5 38
9 2
3 52
14 36
9 3
5 39
54 40
23 7
28 26
28 27
28 28
31 79
1 20
33 19
29 63
71 33
17 14
8 58
27 14
44 36
15 63
15 64
7 30
14 79
39 71
1 21
30 70
1 22
11 33
14 37
20 67
18 59
9 4
5 40
23 8
55 62
39 18
35 76
43 18
35 77
0 73
7 31
9 80
30 71
54 41
24 36
23 9
9 81
28 29
38 78
20 68
20 69
23 10
9 82
1 23
5 41
24 37
7 32
2 39
39 72
39 73
33 20
5 42
33 21
1 24
44 37
10 0
15 65
15 66
23 11
52 1
52 18
48 79
52 2
52 19
48 80
48 26
48 81
52 20
15 67
10 1
52 3
8 59
10 2
17 15
27 15
35 78
26 13
5 43
31 80
26 44
25 39
10 3
14 80
23 12
14 38
39 19
29 64
34 35
3 53
18 60
47 51
5 44
5 45
18 61
2 40
18 62
43 63
14 4
8 4
5 46
39 74
20 70
78 23
81 70
81 31
81 71
13 66
81 72
81 73
81 74
81 75
13 67
43 19
13 68
75 38
75 39
75 40
76 43
75 41
76 44
75 42
75 43
54 42
76 45
75 44
76 46
81 32
75 45
75 46
81 3
81 4
75 47
75 48
81 33
81 34
81 35
81 36
81 37
81 38
81 39
49 61
76 47
81 40
75 49
47 52
40 38
75 50
75 51
43 20
76 48
76 49
76 50
76 51
73 28
73 29
62 29
67 79
49 62
62 30
41 8
62 31
73 30
73 31
62 32
67 80
78 24
53 39
62 33
62 34
67 81
44 38
67 82
68 0
52 21
74 58
73 32
62 35
47 53
62 36
68 1
62 37
62 38
73 33
40 39
73 34
68 2
73 35
68 3
78 25
62 39
71 62
79 77
79 78
60 40
68 4
62 40
41 77
78 26
73 36
62 41
1 25
68 5
62 42
64 42
62 43
34 36
2 41
16 49
28 30
11 34
38 23
35 79
38 24
18 63
38 25
7 33
70 5
73 37
45 13
78 27
79 79
70 6
79 80
74 59
78 28
45 14
74 60
78 29
73 38
82 56
74 61
74 62
45 15
5 47
25 40
20 71
20 72
2 42
8 60
14 5
2 43
15 68
23 13
24 38
10 4
25 41
34 37
18 64
3 54
9 5
33 22
14 6
5 48
47 54
12 20
33 23
49 26
28 31
14 7
42 77
25 42
38 26
34 38
16 50
11 35
12 21
10 5
3 55
14 39
12 22
34 39
14 8
3 56
25 43
14 9
36 24
37 26
28 32
20 73
31 81
31 82
20 74
32 0
7 34
20 75
32 1
23 14
18 65
20 76
20 77
23 15
24 39
36 3
27 16
35 80
3 21
39 75
10 6
28 33
20 78
7 35
10 7
14 81
28 34
34 40
38 27
10 8
27 17
24 40
20 79
10 9
10 10
10 11
23 16
34 41
29 65
10 12
28 35
28 36
10 13
20 80
36 25
26 45
26 46
28 37
32 2
32 3
36 26
32 4
37 27
15 69
24 41
53 23
25 44
20 81
34 42
10 14
27 18
28 38
23 17
5 49
32 5
32 6
20 82
27 19
25 45
29 66
1 66
3 22
8 61
14 40
5 50
33 24
9 6
32 7
29 67
10 15
24 42
5 51
26 47
21 0
32 8
9 7
3 23
10 16
18 66
21 1
28 39
24 43
33 25
33 26
5 52
9 8
18 67
28 40
9 9
32 9
34 43
23 18
16 51
29 68
32 10
23 19
7 36
15 70
7 37
49 63
10 17
28 41
24 44
21 2
7 38
25 46
16 52
7 39
10 18
25 47
28 42
37 28
38 28
24 45
10 19
16 53
18 68
21 3
14 82
15 0
24 46
15 71
28 43
23 20
34 44
28 44
28 45
35 81
11 36
15 72
35 82
23 21
23 22
28 46
23 23
23 24
29 69
24 47
28 47
34 45
34 46
12 23
21 4
26 48
29 70
24 48
28 48
15 1
27 20
15 2
29 71
5 53
15 3
29 72
25 48
23 25
47 55
68 6
10 20
42 12
21 5
9 10
26 49
28 49
2 44
28 50
2 45
24 49
23 26
21 6
24 50
21 7
14 41
23 27
28 51
25 49
26 50
32 11
32 12
28 52
37 29
30 20
30 21
37 30
30 22
32 13
30 23
36 27
30 24
30 25
30 26
16 54
3 57
29 73
36 28
36 29
34 47
13 7
13 8
7 40
37 31
36 30
7 41
30 27
34 48
34 49
3 24
36 34
32 14
33 27
36 31
30 28
30 29
37 32
36 4
36 5
36 35
36 36
36 37
8 5
58 46
58 47
1 67
43 21
15 73
58 48
58 49
55 63
58 50
55 64
1 68
38 29
2 46
12 24
14 10
14 11
53 40
14 12
16 55
12 25
16 56
38 30
16 57
26 51
37 33
39 20
39 21
39 22
43 22
39 23
52 22
43 23
34 50
13 9
10 21
16 58
16 59
38 31
3 58
15 74
37 34
2 47
34 51
39 24
3 25
23 28
18 69
2 48
24 51
13 10
29 74
34 52
24 52
1 26
9 11
10 22
21 8
16 60
16 61
25 50
15 75
12 26
25 51
14 13
25 52
23 29
11 37
11 38
11 39
18 70
29 75
5 54
18 71
33 28
10 23
18 72
34 53
1 27
54 43
65 72
45 16
60 74
65 73
65 50
45 17
36 38
65 74
82 57
64 43
42 13
68 7
71 63
40 40
68 8
74 63
62 44
40 41
78 30
68 9
62 45
68 10
42 14
70 7
42 78
56 20
70 8
73 39
73 40
62 46
47 56
68 11
71 64
38 32
70 9
73 41
73 42
42 15
62 47
62 48
78 31
68 12
64 44
42 16
73 43
47 57
42 79
81 76
73 44
62 49
42 17
42 18
62 50
65 37
65 38
81 77
65 39
49 64
62 51
70 10
68 13
70 11
53 41
42 19
47 58
78 32
70 12
60 58
42 80
62 52
65 40
68 14
62 53
49 27
79 81
66 0
70 13
54 44
76 52
68 15
73 45
45 18
78 33
68 16
66 1
70 14
40 42
78 34
49 28
60 59
78 35
44 39
71 65
64 45
68 17
42 20
62 54
64 46
78 36
62 55
78 37
78 38
64 47
73 46
78 39
62 56
42 21
70 15
68 18
68 19
68 20
68 21
70 16
68 22
68 23
66 2
68 24
78 40
68 25
41 78
42 81
62 57
78 41
68 26
50 34
40 43
60 60
68 27
68 28
62 58
42 22
66 3
42 82
62 59
48 27
60 75
12 27
12 28
7 42
7 43
23 30
10 24
3 26
28 53
27 21
36 32
10 25
18 73
28 54
11 40
26 52
25 53
3 59
8 62
21 9
5 55
33 29
7 44
21 10
30 30
21 11
34 54
18 74
18 75
18 76
13 11
9 12
30 72
40 44
39 25
18 77
39 76
5 56
23 31
18 78
13 12
17 70
13 13
39 26
18 79
5 57
38 33
18 80
18 81
32 15
32 16
27 22
5 58
5 59
29 76
10 26
18 82
12 29
26 14
9 13
27 23
5 60
8 63
11 41
19 0
3 27
38 34
40 45
21 12
27 24
21 13
10 27
19 1
19 2
26 15
24 53
23 32
1 69
13 14
13 15
13 16
5 61
40 46
17 16
17 17
17 18
17 19
17 20
17 21
7 45
9 14
9 15
9 16
11 42
3 28
1 28
5 62
25 54
1 29
19 3
5 63
19 4
34 55
19 5
5 64
19 6
36 39
8 64
1 30
1 31
0 61
2 49
0 62
2 50
2 51
2 52
0 63
23 33
30 31
34 56
2 53
3 60
2 54
2 55
0 64
2 56
14 14
19 7
15 4
2 57
34 57
19 8
48 0
19 9
5 65
39 27
0 65
2 58
38 35
2 59
0 66
17 71
10 28
3 61
43 24
15 76
39 28
15 77
65 59
39 29
1 32
44 0
52 23
39 30
52 24
39 31
44 1
45 19
52 25
34 58
36 40
30 73
1 33
36 41
1 70
55 65
48 28
58 51
1 71
1 72
58 52
3 29
49 29
43 25
14 15
48 82
58 53
1 73
58 54
3 30
15 78
36 42
21 14
12 30
25 55
9 17
5 66
14 16
5 67
60 61
64 48
64 49
49 0
62 60
71 66
71 67
76 53
66 4
43 64
64 50
42 23
43 65
70 17
78 42
78 43
41 79
74 64
68 29
49 30
65 75
60 76
42 24
54 45
65 76
39 77
60 77
29 77
43 66
62 61
42 25
56 71
62 62
78 44
42 26
45 20
73 47
41 80
66 5
42 27
42 28
71 68
62 63
68 30
78 45
73 48
43 67
73 49
78 46
78 47
73 50
74 65
73 51
78 48
40 47
40 48
41 9
73 52
42 29
78 49
73 53
60 41
64 51
68 31
44 40
53 0
70 18
70 19
70 20
36 43
48 1
25 56
12 31
29 78
42 30
71 69
36 44
68 32
81 78
64 52
78 50
68 33
40 49
70 21
68 34
42 31
64 53
44 41
64 54
76 54
73 54
78 51
68 35
68 36
62 64
42 32
68 37
68 38
62 65
68 39
68 40
40 50
64 55
64 56
66 6
60 66
81 79
78 52
64 57
81 80
62 66
81 81
68 41
71 70
54 46
62 67
62 68
62 69
78 53
34 59
68 42
78 54
78 55
62 70
78 56
40 51
74 66
68 43
40 52
79 82
81 82
73 55
62 71
82 0
74 67
66 7
41 10
40 53
80 2
43 68
62 72
49 46
64 58
62 73
41 81
62 74
75 52
68 44
75 53
64 59
41 11
53 42
38 74
73 56
78 57
78 58
62 75
5 68
40 54
68 45
62 76
62 77
25 57
62 78
62 79
62 80
66 8
70 22
73 57
33 30
25 58
21 15
36 45
36 46
21 16
3 31
3 62
37 35
19 10
0 11
34 60
21 17
25 59
25 60
10 29
15 79
15 5
32 17
11 43
25 61
25 62
21 18
5 69
21 19
34 61
13 69
39 78
41 12
43 26
0 74
0 75
9 18
3 63
1 34
14 17
9 19
3 64
14 18
14 19
9 20
9 21
38 36
12 32
33 31
8 65
5 70
5 71
11 44
38 37
12 33
5 72
55 66
44 42
44 43
43 27
36 47
15 80
15 81
11 45
2 60
36 48
11 46
2 61
5 73
13 17
17 72
13 18
17 73
17 74
13 19
13 20
13 21
1 35
34 62
43 28
19 11
13 22
13 23
17 75
23 34
13 24
17 22
37 36
36 49
10 30
8 66
3 32
4 0
5 74
39 32
5 75
32 18
29 79
10 31
19 12
21 20
49 47
4 1
21 21
13 25
2 62
2 63
15 82
16 0
13 26
32 19
37 37
1 36
34 63
5 76
4 2
8 67
38 38
38 39
13 27
34 64
34 65
3 65
5 77
19 13
19 14
17 76
13 28
43 29
26 16
34 66
12 34
49 31
13 29
17 77
17 78
32 20
32 21
36 33
10 32
34 67
36 50
29 80
7 46
21 22
62 81
78 59
68 46
73 58
68 47
49 48
60 42
78 60
46 16
70 23
70 24
42 33
62 82
78 61
42 34
70 25
70 26
66 9
80 3
82 1
78 62
42 35
45 21
44 44
64 60
60 62
44 45
78 63
78 64
70 27
42 36
60 43
40 55
73 59
68 48
71 34
63 0
63 1
63 2
68 49
73 60
70 28
78 65
34 68
27 25
5 78
46 17
52 63
78 66
38 40
71 35
66 10
40 56
71 36
65 51
65 52
78 67
63 3
78 68
43 69
45 22
60 82
65 77
70 29
63 4
65 78
60 78
60 44
73 61
63 5
68 50
42 37
43 30
80 4
63 6
63 7
66 11
82 2
43 70
82 3
73 62
78 69
45 23
63 8
70 30
73 63
43 71
78 70
40 57
71 71
28 55
70 31
46 18
50 35
47 11
47 23
47 12
43 31
80 5
80 6
78 71
80 7
80 8
80 9
48 2
43 32
76 55
40 58
70 32
68 51
42 38
78 72
56 72
56 73
56 74
55 67
55 68
56 75
54 47
54 48
56 76
54 49
54 50
54 51
54 52
52 64
51 58
52 65
51 59
46 19
50 36
52 66
52 67
51 60
54 53
51 61
51 62
49 32
51 63
54 54
46 20
51 64
46 21
51 65
51 66
51 67
54 55
51 68
51 69
50 37
56 77
46 73
46 22
54 56
51 70
51 71
50 38
45 55
54 57
45 56
46 23
46 24
50 39
46 74
63 9
47 24
46 25
46 75
50 40
47 80
47 81
51 72
46 26
54 58
46 27
46 76
50 41
46 77
51 73
51 74
46 78
46 79
51 75
51 76
51 77
51 78
52 68
51 79
52 69
51 80
46 28
56 78
51 81
51 82
59 76
14 42
16 62
50 42
41 0
45 24
47 25
47 26
44 46
54 59
54 60
74 68
74 69
74 70
74 71
66 12
66 13
42 39
71 37
73 64
71 38
68 52
60 79
48 3
38 68
70 33
78 73
78 74
73 65
40 59
70 34
45 25
63 10
43 72
44 47
78 75
42 40
41 13
45 26
66 14
73 66
73 67
78 76
74 72
68 53
66 15
64 61
82 4
68 54
73 68
38 61
70 35
40 60
63 11
63 12
68 55
41 14
63 13
41 15
1 37
60 45
63 14
23 35
7 47
40 61
64 62
70 36
68 56
70 37
70 38
78 77
42 41
71 72
11 47
12 35
32 22
16 63
14 20
9 22
36 51
64 63
68 57
68 58
64 64
78 78
73 69
49 65
63 15
73 70
78 79
42 42
78 80
5 79
16 64
5 80
10 33
21 23
82 58
80 61
82 59
80 62
80 63
49 1
82 60
80 64
80 65
82 61
80 66
82 62
49 2
53 24
53 25
82 63
0 80
82 64
82 65
0 81
49 3
53 26
68 59
68 60
45 27
29 81
40 62
63 16
70 39
43 73
44 48
70 40
45 28
45 29
66 16
68 61
78 81
80 10
56 21
57 68
55 14
57 69
57 70
57 71
60 12
57 72
59 38
60 13
57 73
59 39
56 22
59 40
59 41
57 74
57 75
59 42
56 23
25 63
57 76
40 63
48 29
38 69
56 24
57 77
59 43
43 33
8 68
57 78
57 79
55 15
59 44
56 25
57 80
57 81
57 82
56 26
58 0
42 43
64 65
64 66
71 39
63 17
68 62
50 43
39 79
71 73
63 18
63 19
41 16
63 20
60 46
63 21
68 63
70 41
75 54
58 1
60 14
60 15
59 45
58 2
58 3
55 16
59 46
58 4
55 17
58 5
58 6
58 7
59 47
55 18
55 19
55 20
55 21
58 8
80 67
80 68
82 66
80 69
53 27
82 67
53 43
70 42
80 70
80 71
82 68
82 69
49 4
82 70
80 72
82 71
82 72
10 34
38 41
24 54
5 81
16 65
47 27
11 48
11 49
34 69
36 52
2 64
0 12
36 53
1 38
29 82
36 54
34 70
30 74
30 75
1 39
30 76
4 3
43 34
73 71
45 30
65 79
73 72
63 22
63 23
68 64
78 82
48 4
79 0
45 31
79 1
74 73
73 73
80 11
79 2
70 43
45 32
73 74
74 74
80 12
79 3
45 33
74 75
79 4
73 75
49 33
74 76
73 76
48 30
80 73
49 34
45 34
45 35
63 24
73 77
80 13
59 48
74 77
68 65
73 78
79 5
79 6
79 7
79 8
4 4
76 56
71 8
75 55
75 56
71 9
76 57
59 77
76 58
71 10
71 11
76 59
75 57
75 58
81 5
75 59
75 60
81 41
81 42
82 5
71 12
70 44
49 66
76 60
76 61
81 43
49 67
13 70
76 62
13 71
82 6
13 72
82 7
43 35
82 8
82 9
13 73
75 61
43 36
75 62
47 28
76 63
75 63
49 68
30 32
75 64
1 40
76 64
76 65
75 65
75 66
76 66
76 67
76 68
75 67
13 74
76 69
75 68
75 69
43 37
75 70
43 38
75 71
63 25
76 70
75 72
54 80
10 35
21 24
23 36
19 15
9 23
5 82
30 35
21 25
23 37
27 26
32 23
39 80
32 24
21 26
32 25
21 27
32 26
30 33
12 36
16 66
15 6
8 69
44 2
15 7
10 36
27 27
7 48
23 38
24 55
21 28
25 64
24 56
21 29
23 39
21 30
28 56
19 16
21 31
21 32
15 8
21 33
21 34
28 57
26 53
11 50
36 55
4 5
21 35
11 51
36 56
30 36
15 9
28 58
21 36
30 37
33 32
34 71
15 10
14 43
21 37
21 38
6 0
3 66
39 81
33 33
37 38
3 79
27 28
24 57
24 58
6 1
6 2
23 40
24 59
28 59
21 39
6 3
28 60
11 52
2 65
34 72
37 0
24 60
16 67
16 68
32 27
7 49
25 65
27 29
27 30
15 11
34 73
10 37
24 61
15 12
21 40
15 13
21 41
30 34
31 0
23 41
10 38
6 4
16 69
32 28
3 80
28 61
21 42
3 81
11 53
37 39
32 29
31 1
31 2
31 3
31 4
31 5
36 6
37 40
37 41
33 34
37 42
23 42
32 30
25 66
3 67
32 31
11 54
34 74
11 55
34 75
34 76
21 43
21 44
21 45
28 62
6 5
25 67
27 31
6 6
11 56
28 63
7 50
33 35
6 7
19 17
32 32
21 46
21 47
28 64
34 77
21 48
28 65
33 36
28 66
28 67
4 6
28 68
23 43
10 39
21 49
21 50
21 51
32 33
8 70
21 52
15 14
39 82
33 37
15 15
28 69
24 62
15 16
16 1
24 63
16 2
21 53
21 54
21 55
6 8
7 51
28 70
34 78
28 71
39 33
27 32
27 33
19 18
27 34
21 56
27 35
28 72
23 44
24 64
32 34
32 35
16 3
21 57
37 1
7 52
26 54
21 58
21 59
28 73
27 36
37 43
32 36
16 70
28 74
25 68
63 26
40 64
42 44
68 66
63 27
48 5
73 79
73 80
45 36
44 3
63 28
70 45
52 26
68 67
42 45
71 40
44 49
79 9
66 17
54 61
65 53
68 68
43 74
65 54
40 65
40 66
70 46
71 74
70 47
40 67
79 10
79 11
48 31
73 81
40 68
79 12
10 40
15 17
14 44
14 45
36 57
12 37
14 21
21 60
16 71
24 65
60 63
40 69
70 48
68 69
40 70
79 13
66 18
68 70
48 6
79 14
79 15
60 80
42 46
34 79
33 38
38 62
17 23
34 80
28 75
10 41
11 57
11 58
6 9
34 81
36 58
1 41
36 59
40 0
36 60
10 42
10 43
10 44
2 66
36 61
21 61
28 76
11 59
27 37
21 62
21 63
23 45
27 38
23 46
32 37
32 38
21 64
32 39
23 47
21 65
23 48
23 49
23 50
21 66
32 40
7 53
16 72
31 6
34 82
36 62
36 63
11 60
35 0
30 38
36 64
11 61
0 76
4 7
10 45
24 66
23 51
10 46
39 34
36 65
9 24
27 39
25 69
21 67
15 18
2 67
38 79
33 39
30 77
4 8
44 4
6 10
12 38
48 32
28 77
6 11
16 4
31 7
19 19
7 54
8 71
16 73
10 47
30 39
16 5
27 40
14 46
6 12
7 55
6 13
19 20
10 48
23 52
6 14
48 7
48 8
28 78
35 1
21 68
2 68
35 2
31 8
6 15
38 5
19 21
6 16
4 9
6 17
30 40
23 53
19 22
1 42
19 23
27 41
48 9
44 5
36 66
16 74
2 69
32 41
23 54
30 78
23 55
6 18
28 79
32 42
26 55
31 9
37 44
53 28
31 10
26 17
25 70
16 6
19 24
26 56
12 39
23 56
21 69
32 43
32 44
21 70
21 71
21 72
21 73
37 45
37 46
21 74
32 45
26 57
21 75
16 75
10 49
10 50
15 19
27 42
21 76
28 80
21 77
26 58
24 67
10 51
33 40
32 46
33 41
27 43
48 10
30 41
15 20
16 76
23 57
42 47
15 21
37 2
24 68
7 56
21 78
15 22
21 79
25 71
6 19
28 81
6 20
21 80
38 42
46 80
21 81
21 82
22 0
28 82
23 58
10 52
31 11
54 62
37 3
22 1
6 21
27 44
29 0
44 50
32 47
7 57
15 23
29 1
10 53
25 72
10 54
26 59
35 3
22 2
9 25
29 2
32 48
7 58
8 72
12 40
8 73
16 7
35 4
16 77
9 26
22 3
15 24
6 22
16 78
15 25
15 26
23 59
37 47
32 49
49 35
37 48
7 59
37 4
26 18
32 50
32 51
17 79
26 60
10 55
24 69
31 12
25 73
37 5
37 49
37 50
22 4
7 60
50 44
24 70
19 25
22 5
11 62
33 42
32 52
22 6
8 74
37 51
3 82
31 13
37 6
30 42
37 52
32 53
12 41
24 71
11 63
19 26
12 42
6 23
33 43
22 7
22 8
22 9
4 10
19 27
35 5
24 72
4 11
13 75
6 24
11 64
39 35
23 60
22 10
22 11
23 61
27 45
6 25
23 62
0 13
36 67
22 12
0 14
1 43
36 68
49 5
49 6
53 1
7 61
48 33
19 28
39 36
39 37
39 38
39 39
16 8
16 9
16 10
3 68
65 60
3 69
65 61
4 12
4 13
3 70
16 11
3 71
17 24
17 25
19 29
19 30
17 26
17 27
17 28
17 29
19 31
19 32
17 30
4 14
0 67
4 15
11 65
4 16
0 68
0 69
23 63
2 70
1 74
11 66
38 43
0 70
32 54
3 72
2 71
35 6
2 72
9 27
35 7
38 44
35 8
23 64
22 13
22 14
19 33
6 26
6 27
15 27
16 79
11 67
6 28
29 3
19 34
23 65
6 29
38 63
4 17
26 19
26 20
14 47
6 30
2 73
26 21
10 56
22 15
8 75
48 11
33 44
24 73
55 69
49 7
16 12
35 9
16 80
48 34
39 40
53 2
39 41
53 3
44 6
43 39
53 4
53 5
53 6
39 42
39 43
39 44
53 7
39 45
53 8
35 10
35 11
12 43
16 81
16 82
14 22
14 23
14 24
58 55
58 56
58 60
58 57
55 70
30 43
1 75
58 58
2 74
50 45
6 31
58 59
2 75
49 8
30 44
1 44
0 15
6 32
30 45
36 69
30 46
30 79
0 16
35 12
1 45
52 70
3 73
40 1
7 62
19 35
7 63
23 66
25 74
22 16
32 55
12 44
38 64
8 76
0 77
25 75
14 25
9 28
22 17
43 75
16 13
22 18
35 13
7 64
7 65
6 33
41 82
13 76
22 19
4 18
2 76
14 48
16 14
25 76
45 37
79 16
74 78
73 82
74 79
79 17
79 18
64 67
79 19
80 14
37 53
79 20
74 0
68 71
74 1
79 21
49 36
70 49
74 2
53 44
49 37
74 80
80 15
64 68
48 35
74 81
8 77
68 72
68 73
79 22
49 69
82 10
16 15
0 17
53 29
22 20
4 19
26 61
38 45
30 80
23 67
36 70
25 77
6 34
38 46
38 80
23 68
6 35
39 46
36 71
6 36
0 18
1 46
10 57
16 16
7 66
6 37
16 17
32 56
9 29
9 30
8 6
19 36
10 58
10 59
30 47
6 38
44 7
7 67
0 78
19 37
44 8
48 36
36 72
1 76
1 47
36 73
33 45
2 77
4 20
10 60
16 18
6 39
23 69
33 46
16 19
16 20
25 78
23 70
36 74
29 4
29 5
23 71
23 72
23 73
23 74
6 40
10 61
33 47
10 62
1 48
7 68
29 6
29 7
38 47
22 21
33 48
29 8
35 14
38 48
25 79
38 49
4 21
14 49
33 49
26 62
11 68
16 21
10 63
2 78
32 57
29 9
29 10
29 11
29 12
29 13
23 75
2 79
24 74
33 50
19 38
6 41
24 75
19 39
4 22
27 46
6 42
24 76
19 40
22 22
31 14
10 64
39 47
38 50
39 48
30 48
6 43
4 23
6 44
7 69
27 47
38 81
32 58
24 77
22 23
19 41
23 76
27 48
26 22
26 23
32 59
38 82
44 51
22 24
1 49
31 15
26 24
25 80
23 77
25 81
32 60
25 82
13 30
43 40
27 49
13 31
13 32
13 33
13 34
8 78
13 35
13 36
13 37
13 38
71 13
13 39
13 40
22 25
35 15
15 28
16 22
39 49
11 69
39 50
30 49
45 38
53 9
53 10
39 51
36 75
27 50
12 45
6 45
40 2
40 3
42 48
7 70
40 71
19 42
35 16
40 72
6 46
17 80
39 52
17 81
3 74
43 41
4 24
68 74
63 29
63 30
40 73
64 69
49 70
74 3
68 75
66 19
47 82
68 76
66 20
66 21
80 16
45 39
68 77
68 78
42 49
79 23
68 79
63 31
68 80
74 82
79 24
79 25
70 50
63 32
79 26
54 63
80 17
79 27
42 50
79 28
63 33
79 29
74 4
36 76
26 79
17 59
12 46
82 73
74 5
74 6
70 51
82 20
68 81
64 70
79 30
40 74
71 41
66 22
71 75
74 7
66 23
64 71
82 11
44 52
75 77
45 40
68 82
43 42
74 8
65 80
65 81
74 9
26 80
48 12
63 34
11 70
79 31
48 13
38 51
65 82
60 81
40 75
70 52
42 51
48 14
70 53
79 32
42 52
74 10
71 76
79 33
63 35
71 77
63 36
42 53
63 37
74 11
79 34
13 77
63 38
40 76
63 39
53 11
47 29
48 15
40 77
40 78
82 12
80 18
82 13
79 35
82 14
79 36
82 15
79 37
64 72
69 0
79 38
45 41
74 12
74 13
69 1
64 73
76 71
63 40
43 76
64 74
74 14
69 2
49 49
63 41
63 42
63 43
23 78
29 14
80 74
44 9
53 30
82 74
82 75
82 76
48 16
63 44
79 39
69 3
69 4
63 45
44 53
63 46
71 78
54 64
63 47
70 54
69 5
66 24
74 15
38 70
38 71
58 9
53 31
60 16
58 10
59 49
60 17
58 33
59 50
58 11
55 22
60 18
60 19
58 12
60 20
70 55
74 16
74 17
42 54
74 18
63 48
63 49
75 73
74 19
63 50
54 65
63 51
43 77
79 40
66 25
74 20
40 79
69 6
63 52
69 7
80 19
64 75
44 54
60 47
16 23
43 78
63 53
69 8
63 54
69 9
19 43
70 56
54 66
69 10
74 21
79 41
75 78
48 37
48 17
79 42
44 55
65 55
64 76
43 79
43 43
0 82
69 11
70 57
53 45
80 75
75 79
69 12
49 9
80 76
82 77
80 77
75 80
79 43
49 10
80 78
80 79
82 78
82 79
49 11
82 80
82 81
49 12
82 82
49 13
80 80
80 81
83 0
83 1
83 2
83 3
35 17
58 13
56 27
60 21
60 22
58 14
60 23
56 28
56 29
56 30
59 51
60 24
60 25
56 31
59 52
60 26
58 15
56 32
55 23
60 27
58 16
58 17
58 18
59 53
55 24
59 54
58 19
55 25
58 20
55 26
58 21
58 22
58 34
58 23
59 55
55 27
58 24
56 33
55 28
58 35
58 25
58 26
58 27
58 28
76 72
53 46
46 29
43 44
50 46
50 47
45 42
70 58
47 13
47 14
80 20
80 82
80 21
44 10
80 22
80 23
80 24
80 25
74 22
46 81
52 71
52 27
52 28
52 72
52 29
55 71
52 30
54 67
52 73
50 48
56 79
46 30
46 82
56 80
52 31
47 59
52 74
52 75
10 65
52 32
55 72
52 76
52 33
52 34
46 31
52 35
46 32
46 33
54 68
46 34
52 36
47 60
46 35
46 36
47 61
52 77
52 37
59 78
46 37
47 62
46 38
52 38
47 30
47 31
30 50
55 73
52 39
46 39
52 40
47 63
52 78
47 64
50 49
46 40
54 69
52 41
50 50
47 65
52 42
47 66
52 43
45 57
52 44
45 58
54 70
54 81
38 52
54 82
49 71
59 79
55 74
54 71
54 72
59 80
56 81
54 73
54 74
52 45
13 78
50 51
47 67
59 81
59 82
48 18
64 77
69 13
69 14
43 80
74 23
63 55
70 59
70 60
71 79
1 50
27 51
0 19
42 55
69 15
63 56
64 78
42 56
49 50
79 44
63 57
40 80
80 26
63 58
79 45
70 61
63 59
70 62
79 46
35 18
35 19
40 81
74 24
63 60
69 16
49 72
74 25
64 79
70 63
80 27
64 80
64 81
69 17
64 82
69 18
65 41
41 17
74 26
42 57
71 80
66 26
43 81
63 61
45 43
63 62
71 42
63 63
66 27
70 64
40 82
54 75
63 64
63 65
42 58
63 66
79 47
46 41
60 64
66 28
80 28
66 29
70 65
45 44
70 66
70 67
44 56
65 42
75 74
44 57
42 59
69 19
69 20
3 75
23 79
29 15
24 78
23 80
6 47
30 51
23 81
10 66
35 20
26 81
47 68
55 75
52 46
46 42
54 76
50 52
52 47
52 79
52 80
52 48
47 69
46 43
46 44
46 45
47 70
52 49
52 50
52 51
46 46
50 53
10 67
23 82
6 48
41 1
29 16
24 0
29 17
16 24
33 51
24 79
24 80
6 49
24 81
33 52
39 53
36 77
55 76
32 61
0 20
7 71
29 18
29 19
30 52
19 44
29 20
22 26
6 50
35 21
35 22
11 71
9 31
8 79
6 51
0 21
0 22
36 78
13 41
30 81
1 51
30 53
46 47
46 48
52 81
46 49
52 52
17 60
52 53
46 50
9 32
24 1
19 45
11 72
16 25
26 82
22 27
11 73
24 82
27 52
33 53
29 21
6 52
31 16
3 76
38 53
10 68
24 2
0 23
30 54
1 52
9 33
39 54
39 55
32 62
1 53
36 79
36 80
8 80
32 63
36 81
14 50
43 45
7 72
12 47
63 67
74 27
45 45
79 48
69 21
41 18
66 30
74 28
56 82
42 60
71 43
71 44
66 31
41 20
48 19
70 68
41 21
42 61
69 22
74 29
69 23
65 43
63 68
75 81
49 14
79 49
41 22
69 24
43 82
41 23
65 44
70 69
74 30
65 45
74 31
66 32
63 69
75 82
65 46
63 70
63 71
63 72
74 32
69 25
69 26
63 73
79 50
69 27
63 74
71 81
69 28
70 70
63 75
41 19
63 76
63 77
65 47
63 78
38 54
46 51
49 73
49 74
76 73
81 44
71 82
75 75
71 45
81 45
13 79
52 82
35 23
13 80
71 46
75 76
76 0
82 16
76 74
76 1
76 2
44 58
49 51
82 17
43 46
43 47
82 18
82 19
74 33
76 75
13 81
43 48
4 25
13 82
76 3
76 4
76 5
76 76
76 6
76 77
76 78
76 7
76 8
76 9
71 14
76 10
81 46
71 15
76 11
76 12
71 16
76 13
81 6
71 17
71 18
81 47
76 14
7 73
17 82
13 42
50 54
13 43
13 44
13 45
13 46
13 47
7 74
13 48
13 49
43 49
13 50
24 3
33 54
6 53
4 26
6 54
41 24
35 24
22 28
26 25
29 22
4 27
6 55
6 56
2 80
25 0
12 48
43 50
22 29
6 57
22 30
29 23
6 58
29 24
25 1
19 46
22 31
6 59
19 47
19 48
19 49
2 81
36 82
35 25
13 51
13 52
13 53
13 54
8 81
8 82
33 55
30 82
0 24
35 26
2 82
1 54
6 60
19 50
24 4
29 25
22 32
9 34
6 61
39 56
10 69
32 64
