1886
1936
1936
1936
1936
1936
1937
1881
1900
1897
1842
1821
1821
1840
1840
1872
1900
1900
1900
1900
1900
1900
1940
1900
1870
1900
1900
1900
1900
1958
1958
1958
1958
1870
1843
1909
1909
1916
1841
1841
1932
1900
1892
1938
1832
1961
1961
1961
1912
1912
1912
1885
1885
1881
1910
1910
1932
1938
1938
1888
1961
1961
1961
1961
1961
1881
1882
1882
1882
1881
1882
1882
1882
1881
1881
1881
1867
1867
1881
1882
1881
1881
1882
1882
1881
1882
1882
1882
1867
1882
1881
1881
1881
1881
1867
1881
1867
1867
1867
1881
1867
1867
1875
1843
1916
1916
1916
1958
1890
1900
1900
1900
1900
1900
1900
1900
1900
1958
1958
1900
1900
1900
1958
1958
1958
1958
1890
1841
1841
1841
1965
1958
1958
1821
1821
1821
1938
1894
1988
1882
1867
1881
1867
1881
1881
1867
1867
1867
1867
1867
1882
1867
1867
1867
1882
1881
1882
1882
1882
1881
1867
1882
1882
1882
1882
1882
1882
1881
1881
1881
1882
1867
1865
1881
1881
1882
1881
1882
1881
1881
1881
1882
1881
1881
1961
1832
1871
1961
1961
1961
1961
1961
1888
1937
1936
1958
1910
1881
1874
1883
1883
1912
1885
1900
1870
1900
1900
1921
1961
1829
1833
1908
1900
1900
0
1954
1930
1930
1912
1958
1890
1916
1870
1821
1821
1821
1821
1821
1912
1936
1936
1936
1937
1936
1872
1872
1841
1841
1841
1841
1900
1900
1900
1900
1900
1900
1900
1958
1900
1900
1900
1900
1900
1900
1900
1938
1910
1910
1881
1885
1883
1961
1961
1961
1961
1961
1988
1855
1881
1882
1882
1882
1882
1881
1867
1881
1923
1938
1949
1949
1886
1908
1912
1912
1912
1910
1961
1961
1961
1961
1961
1961
1961
1910
1885
1820
1883
1883
1883
1881
1881
1865
1882
1882
1867
1867
1881
1881
1867
1881
1867
1881
1881
1881
1882
1882
1882
1881
1882
1881
1882
1881
1882
1881
1882
1882
1882
1882
1867
1882
1881
1936
1961
1961
1961
1961
1961
1961
1961
1881
1882
1882
1881
1867
1867
1881
1882
1881
1867
1881
1882
1865
1882
1881
1882
1882
1882
1882
1882
1881
1961
1961
1961
1961
1961
1961
1961
1899
1936
1937
1936
1936
1937
1937
1936
1936
1936
1936
1937
1886
1886
1900
1937
1840
1843
1841
1841
1841
1841
1841
1841
1841
1841
1958
1958
1958
1958
1958
1870
1842
1909
1958
1821
1821
1821
1821
1841
1900
1900
1900
1900
1900
1912
1900
1900
1900
1900
1900
1900
1940
1939
1932
1886
1886
1886
1881
1867
1881
1881
1867
1867
1881
1882
1882
1882
1881
1881
1881
1881
1881
1881
1881
1882
1881
1881
1881
1881
1881
1881
1881
1867
1867
1881
1881
1938
1991
1885
1925
1883
1883
1883
1910
1910
1910
1910
1961
1961
1961
1841
1841
1919
1958
1890
1958
1977
1909
1842
1840
1840
1958
1958
1958
1958
1958
1958
1958
1958
1872
1872
1821
1821
1821
1821
1900
1900
1900
1900
1900
1900
1900
1900
1900
1958
1900
1900
1874
1900
1886
1881
1936
1937
1936
1937
1900
1947
1947
1865
1865
1867
1881
1882
1882
1882
1882
