1767
1805
0
1078
0
0
0
0
1808
0
1822
0
0
1822
1836
0
1200
0
0
1900
1757
1780
1792
1838
0
0
0
0
1835
0
0
0
0
1798
0
0
0
0
0
1851
0
1847
1798
0
0
1894
0
1897
1866
1897
1895
1936
1866
1935
1204
1810
1274
0
1305
1810
0
0
1863
1744
1780
1791
1808
1936
1936
1897
1787
1894
1900
1644
1767
1776
0
0
1936
1936
1936
1200
1860
0
0
1759
1793
1715
1854
1078
0
0
0
1860
1723
1794
1837
0
1894
0
1899
1901
1835
1285
1290
1835
1782
1897
1792
1895
1879
0
0
0
0
0
0
0
1936
1843
1818
1837
0
0
1885
1885
1780
1818
1781
1804
0
1936
1827
0
0
1894
1894
0
0
0
0
0
1860
1860
0
1897
1935
0
1780
1757
0
1822
1818
1200
1843
1802
1200
1843
1861
1825
1854
1911
1789
0
0
1764
1793
1804
0
1821
1819
1838
1860
1811
1808
0
1806
0
1936
1813
1868
1900
1924
1924
1931
1924
1300
1931
0
0
1870
1785
1807
1810
1804
0
0
0
0
1796
0
0
1900
0
0
1860
0
1860
0
0
1860
1821
1781
1933
1776
1822
0
1910
1850
1936
1871
1914
1853
0
1817
1818
1793
0
1774
1804
0
1801
1775
0
0
0
0
1808
0
1776
0
1789
1863
1768
0
1897
1808
1818
1810
0
0
0
0
0
0
0
0
0
1854
1894
0
0
1875
1866
1860
1865
0
1796
0
1810
1893
1894
1854
1825
1285
1884
1825
0
1936
0
0
0
0
0
1936
1936
1896
0
1936
1860
1860
1860
1860
0
0
1900
1936
1778
1802
1894
1860
1822
1802
1842
1836
1936
1843
1843
1843
1843
0
0
1928
0
0
0
0
1818
1759
0
1780
1897
0
1793
1787
0
1936
1793
1796
1894
1871
1808
1813
1924
1860
1899
1285
1285
1806
1910
1900
1936
1853
1293
1798
1849
1859
1900
0
0
0
0
0
1859
1789
1796
1775
1774
1791
1792
1903
0
0
0
0
1774
0
0
0
1860
1894
1822
1879
1812
1877
0
0
1892
1860
0
0
1899
1899
1864
1725
1894
1828
1290
1832
0
0
1789
1863
0
0
0
1791
1807
1792
1811
1936
1894
0
0
1801
0
0
0
0
0
0
0
0
0
0
1822
1822
1200
0
0
1622
0
0
0
0
0
0
0
0
1875
1798
0
0
0
1806
1854
0
1894
0
1895
0
1935
1865
1835
0
1854
1270
0
1300
1857
1922
1825
1802
1810
1274
1894
1894
0
1894
0
1290
0
1825
0
1884
1832
1863
1782
0
1806
1804
1804
1811
1821
1793
1644
1644
0
0
0
1842
1903
0
0
0
0
0
0
0
0
0
0
0
0
0
1894
1854
1851
0
1894
1897
0
1866
1847
0
1204
1814
0
1791
1758
1781
1861
1793
0
1808
1860
1860
1860
1860
1860
0
1895
1868
0
1800
1792
1791
0
0
0
0
0
1768
1774
0
1821
1863
1776
1804
1900
1863
1792
1780
1793
1804
1781
1644
1805
1804
1911
1796
0
1819
0
1861
0
0
0
1822
0
0
0
1622
0
0
0
0
1854
1895
1894
1895
1897
1895
0
0
1931
1865
1865
0
1811
1814
1894
1818
1818
1870
1822
1818
1270
1832
0
0
1810
0
1293
0
0
0
1794
0
0
0
0
1860
1808
1792
1894
0
0
0
0
0
1842
1843
1936
1811
1936
1936
1850
1791
1814
1827
1806
1936
1811
1894
1855
1813
1290
1835
0
1818
1810
1893
1837
1822
1837
1832
0
1828
1785
1806
1776
1809
1837
1827
1822
1936
0
0
0
0
0
0
0
0
0
1914
1871
0
1914
1914
1793
1818
1798
1933
1864
1907
1907
1818
1894
1894
0
1817
1809
1796
1896
0
1936
0
0
0
0
1793
1892
1791
1860
0
0
1837
1200
0
1808
0
1808
1778
1764
0
0
1798
0
0
0
0
0
1860
1842
1634
1715
1634
1800
1796
0
1835
0
1781
1842
0
0
0
1871
1857
1855
1936
1860
1936
1936
1842
1827
1843
1901
0
1813
0
1280
1280
1935
1305
1931
0
0
1837
1928
1825
1837
1744
1781
1725
1804
1898
0
1791
1814
1806
1936
1843
1843
1843
1849
1936
0
1796
1861
1898
1897
0
1776
1758
0
1812
1877
0
1792
1806
0
0
0
0
0
0
0
1723
1895
