1869
1857
0
1832
1765
1810
1845
0
1796
0
1839
0
0
0
0
0
0
1840
0
1840
1826
1855
1842
1863
1855
1706
1833
1816
0
1860
0
0
1677
1590
1791
0
1864
1834
1846
0
1810
1850
1842
1931
0
1933
1860
1935
1835
1840
1838
1838
1858
1854
0
1830
1825
0
1858
1865
1842
1845
1834
1841
0
1838
1841
1831
1834
1918
1836
1811
0
1832
1914
1794
1851
1918
0
1839
1861
1803
1841
0
0
1845
1870
0
1838
1848
0
1850
1856
0
1845
0
1836
1841
0
1915
1915
1931
1940
1931
1831
0
1937
1928
1930
1930
1919
1937
1913
1931
1932
1931
1931
1950
1928
1859
0
0
1951
1878
1871
1875
1875
1902
0
1887
1924
1881
1887
0
1929
1830
1877
1915
1913
0
1872
1953
1891
0
0
1893
1915
0
1855
1864
1849
0
1864
1810
1840
0
1867
1910
1900
1914
1838
1903
1914
1867
1903
1860
1903
1904
1937
1914
0
1903
1900
1900
1881
1898
1895
1903
1863
1903
1899
1899
1899
1850
0
0
1885
1899
1837
1837
0
0
1859
1839
1840
1900
0
1845
1847
0
0
1841
1905
1846
1830
1901
1836
1846
0
0
1840
0
1853
1870
1845
1870
1870
1791
1791
1791
1791
1791
1855
0
0
1935
0
0
0
0
0
0
0
1856
0
0
0
1849
1899
1899
1882
0
0
0
1906
1850
1855
1865
0
1850
1842
0
0
1861
0
0
1863
0
1840
0
1844
1851
0
1839
1840
0
0
0
0
1844
1874
0
0
0
0
1844
0
1854
0
0
1855
0
0
1860
0
1842
0
1855
1870
1830
1834
0
1843
1810
1906
0
0
1912
1913
1913
1831
1828
1861
1900
1893
1890
1890
1895
1837
1835
1960
1853
1920
0
1907
1907
1907
1907
1907
1907
1907
1893
1923
1923
1923
1923
1923
1923
1923
1923
1923
1923
1923
1923
0
1854
1890
1900
1948
1878
0
1837
0
1890
1890
1890
1890
1837
1931
1931
1931
0
0
1900
1872
0
0
0
1844
1860
1860
1903
1858
1840
0
1900
1931
1934
1934
1930
1920
0
0
1935
1927
1927
1936
1940
1936
1882
1915
1917
1832
1841
1839
1839
0
1831
1842
1859
1843
1846
1865
1869
1846
1767
1809
1767
1850
1845
1840
1861
1846
1850
1848
1853
1845
1850
1850
1842
1841
1845
1814
1767
1814
1832
1767
1904
1936
1931
1931
1840
1865
1873
0
1836
1838
1861
1842
0
1845
1841
1844
1847
1840
1789
1840
1840
1840
1840
1797
1838
1838
1838
1838
1838
1838
1838
1931
1884
1928
1896
1882
1894
1934
1838
1838
1889
0
1878
1904
1886
0
1931
1739
0
0
0
0
0
1842
1836
1835
1852
0
1847
0
1845
1914
1810
1895
1793
1849
1879
1818
1810
1836
1820
1814
0
1854
1842
1841
1854
1830
1834
1844
1838
1862
1836
1842
1827
1853
1834
0
1827
0
0
1832
1837
0
1840
1834
0
1839
1839
1810
1767
1767
1767
1843
1854
1851
0
1841
1832
1845
1844
1767
1767
1846
1767
1767
1767
1767
1850
1767
1767
1796
1789
1791
1900
1931
1863
1932
1931
1885
0
1873
1590
1810
0
1839
1837
1826
1789
1765
1890
1865
1839
1904
1840
0
1810
1845
1846
1851
1850
1872
1915
1935
1847
1915
0
0
1839
1841
1873
0
1830
1830
1854
1837
0
1822
1831
1931
1931
1931
1931
1924
1877
1879
1885
0
1827
1850
1852
0
1843
1851
1870
1834
1863
1838
1843
1843
0
1904
0
1858
1913
1830
1830
1850
1917
1839
1834
1914
1854
1914
1848
1848
0
1845
1840
1834
0
1857
1941
1928
1928
1933
1928
1928
1953
1919
1900
1922
1893
1899
1890
1883
1900
1900
1885
1899
1899
1926
0
1899
1899
1899
1923
0
1900
1890
1900
1890
1890
1890
1890
1890
1890
1890
1890
1900
0
1840
1860
1860
0
1854
0
0
0
0
0
0
0
0
0
0
1884
1840
1830
1900
1855
0
1840
1838
0
0
1839
1835
0
1900
0
1846
1901
0
0
1843
1848
1848
0
0
0
0
1843
1840
1863
0
1867
1845
0
0
1858
0
0
0
0
1943
0
0
1848
1950
0
0
0
1844
1873
0
0
0
0
0
0
0
1844
1834
0
0
0
1839
1838
0
1804
1851
0
0
0
1931
1855
0
1841
0
0
0
0
0
1863
0
1768
1840
1841
0
1857
1840
1841
1814
1841
1858
1830
1840
1870
1902
0
1820
1760
1846
1946
0
1886
1880
1890
1890
1890
1900
1900
0
1900
1872
1844
1834
1903
1905
1903
0
1904
1916
1902
0
1834
1898
1799
0
1903
1845
1903
1903
1899
1950
1907
1907
1907
1907
1907
1918
0
0
0
0
0
1850
0
0
1900
1851
1932
1893
1923
0
0
0
0
1833
1882
1840
0
0
0
0
1909
1863
1934
1931
1914
1850
1923
1923
1923
1923
1923
1923
1923
1923
1923
1923
1923
0
1833
1891
1843
1840
1837
1850
1834
1834
0
1836
1828
1803
1904
1850
1837
1866
1835
1838
1841
0
1831
0
1838
0
1839
1831
1867
1831
1840
1857
1842
1830
1842
1836
1842
1831
0
1739
1792
1838
1838
1838
1838
1838
1838
1838
1848
0
0
1810
1810
1841
1839
1840
1840
1840
1862
0
1887
1845
1832
1832
1846
0
1843
1837
1922
1918
1842
1851
1914
1839
0
1909
1797
1847
1841
1841
1843
0
0
1843
0
0
1833
1888
1834
1890
1850
1840
1860
1846
0
1822
1873
1831
1803
1827
1843
1827
1827
1853
1850
1835
1869
1852
1834
1845
1833
1844
1844
1838
0
1855
0
1869
1867
1841
1791
1869
1810
1810
1843
1840
1810
1835
1837
1852
1835
1900
1900
1843
1896
1931
1931
1932
0
1767
1767
1843
1767
1829
1839
1767
1838
1842
1848
0
1831
1856
1931
1931
1915
1767
1853
1767
1839
1767
1831
1767
1937
1920
1887
1914
1937
0
1886
1893
1888
0
1936
1936
0
1874
0
1760
1936
1929
1931
1934
1934
1900
0
0
1931
0
1880
1882
1882
1882
1917
1954
1876
0
0
0
0
0
0
1900
1835
1855
1833
1841
0
0
1903
0
0
0
0
0
0
1882
0
0
1858
0
1889
0
0
1900
0
1841
1787
1848
1843
1833
0
0
0
1850
1854
0
0
1817
1881
1879
1874
1881
1891
0
0
0
1900
1867
1840
1860
1850
1830
0
0
1840
0
0
0
0
0
1900
1914
1900
1931
0
1846
1903
1843
1914
1911
1860
1914
0
0
1934
0
1900
1899
0
1899
1900
0
1899
1886
1920
1882
1872
1920
1907
1907
1907
1907
1907
1907
1907
1900
1842
0
1850
1841
0
0
0
1834
1859
1840
1880
1831
1878
0
0
1897
0
1876
0
1844
1841
0
0
0
0
1844
0
1870
1950
1934
1923
1923
1923
0
1923
1900
1923
1923
1923
1880
1879
1900
1890
0
1890
1890
1900
1877
1898
1871
0
1844
0
1878
1881
1874
0
0
1834
1914
1933
1928
1914
1931
1947
1953
1950
1953
1953
1934
1852
1833
1915
0
0
1858
1915
1915
1915
1849
1871
1895
0
1859
1830
1847
1838
1820
1831
0
1841
1830
1835
1848
1836
1837
1837
1828
1836
1854
1931
1931
1931
1931
1931
1890
1890
0
0
1900
1912
1850
1839
1833
1820
1858
1900
1832
1849
1836
1912
1834
1841
1847
1768
0
0
1850
0
0
1839
1599
1840
1835
1919
1836
1861
1838
1845
1829
1838
1843
1851
1840
1836
1841
1848
1829
0
1843
0
1838
1846
1834
1814
1814
1834
1814
1870
1826
1832
1861
1791
1791
1791
1791
1836
1895
1855
1870
1900
1870
1831
0
1838
1838
1838
1838
1838
1852
1792
0
0
0
1851
1830
0
1839
1835
1840
1835
1882
1835
1857
1841
1847
1850
1840
1838
1863
0
1852
1794
1857
0
1866
0
1845
1900
1855
1840
1853
1846
1849
1837
1768
1845
1846
1846
1890
1839
1842
1835
1839
0
1834
1864
1839
0
1855
1915
1915
1915
1915
1915
1915
1915
1915
1915
1915
1832
1917
1857
1795
1830
1876
1795
0
1859
1834
1791
1878
1861
0
1890
0
1846
1870
1870
1870
1843
1847
1814
1892
1931
1931
1931
1931
1842
1810
1810
1833
1819
0
0
0
0
1842
1822
1864
1842
1812
1820
1813
1818
1818
1818
1844
1842
1842
1822
1859
1890
1890
0
1837
1866
1830
1835
1834
1840
1900
1829
1836
1848
1830
1858
1866
1840
1854
1839
1840
1840
1843
1810
1840
1796
1869
0
1851
1831
1831
1830
1834
1835
1852
1842
1859
1830
1845
1835
1834
1853
1841
0
1835
0
1851
1895
1820
0
1810
1832
1935
1827
1938
1931
1931
1766
1767
0
1844
0
1788
1890
1842
1810
1854
1810
1842
1837
1850
1766
1832
1831
1832
1935
1923
1923
1923
1900
0
0
0
0
0
0
0
1875
0
0
0
0
1835
1900
1872
0
1868
0
1863
1840
1874
1844
0
1835
1850
1847
1900
1858
0
0
1850
0
0
1830
0
1863
0
1865
0
0
0
1914
0
0
0
1903
1903
1899
1903
1875
1871
1882
0
0
0
1878
1932
1934
1954
1933
1931
1931
1950
1931
1931
1934
1932
1953
1935
1922
1937
1899
1899
1899
1899
1899
1895
1900
1930
1899
1899
0
1742
1899
1907
1907
1907
1907
1840
1836
1889
0
0
1890
1944
1875
1841
1836
1838
1836
1834
1842
0
0
1843
0
0
1840
0
0
1900
0
1835
0
1843
0
0
0
1850
0
1847
1844
1840
1841
0
0
0
0
1872
1891
1900
1920
1934
1839
1765
0
0
1866
0
1860
0
0
0
0
1824
0
0
1839
0
1841
1919
1924
0
1934
1900
0
0
1860
0
1860
0
1900
0
1840
1914
1834
1850
0
0
1903
1900
1840
1931
0
1914
1900
0
1878
1931
1914
1908
1906
1903
1903
0
1900
0
1900
1910
0
1931
1947
1947
1899
0
1928
1937
1905
1917
1905
1950
0
1907
1907
1935
1914
1900
1907
1907
1900
1924
1893
1890
1891
1890
1890
1890
1890
1890
1923
1923
1923
1923
1923
1923
1923
1882
1882
1882
1917
0
0
0
0
0
1893
1950
1941
1934
1833
1789
1915
0
0
1873
0
1847
1869
1830
1835
1841
1829
1838
1844
1844
1862
1841
1839
1843
1834
1870
0
1831
1844
1864
1844
0
0
1835
1853
1867
1834
1833
1862
1850
1854
1897
1867
0
1832
1872
1840
0
1915
1915
1867
1867
0
1829
1827
0
0
1859
1841
1865
1840
1873
1765
0
1909
1816
0
1830
1844
1848
1837
0
0
0
0
0
1844
1739
1863
1810
1917
1829
1810
1810
1810
1837
1851
1846
1917
1824
1780
0
1830
1900
1916
1838
1838
1838
1838
1838
1878
1871
0
1874
1875
1902
1878
1866
1872
0
1891
1845
1850
1841
1810
1831
1821
1842
1841
1852
0
0
0
1833
0
1836
0
0
0
1857
0
1845
1837
1852
1841
1840
1895
1900
0
1841
1843
0
1840
1842
0
1848
0
1829
1836
0
0
0
1835
1836
1840
1855
0
0
1829
1839
1839
1839
0
1835
0
1909
1837
0
0
0
1837
0
0
0
0
0
1900
0
1858
1830
1844
0
1830
1836
1834
1830
0
0
1834
0
0
0
1860
1834
0
1837
0
1860
1850
1860
1880
1860
1830
1840
0
0
0
1850
1876
1850
0
0
1832
1860
1850
1855
0
1839
0
0
1848
0
0
0
1844
1872
1837
1842
0
1845
0
1833
0
1834
1840
1840
1841
1845
1867
1841
1851
1870
1870
1849
1854
0
1766
1814
1767
1814
1767
1767
1766
1967
0
0
1846
1839
0
1918
1842
1837
0
0
1767
1767
1840
1830
1848
1855
0
0
1835
1829
1812
0
1931
1863
1840
1831
1932
1772
1841
1856
1936
1828
0
1858
1788
0
1845
1825
1868
1859
1791
1791
1846
1837
1906
1838
1915
1870
1870
1870
1870
1870
1840
1870
1870
1791
1890
1890
1836
1838
0
1835
1837
1863
1842
1931
1931
1931
1931
1936
1876
1842
0
1851
1856
0
0
1927
1887
1934
1931
1931
1871
1937
0
0
1949
1915
0
0
0
0
0
1900
1900
0
0
1909
1903
0
1898
1898
1903
1903
1903
1899
1903
1899
1899
0
1899
1899
1936
1888
1907
1907
1907
1907
1907
1907
1907
1907
0
0
0
0
1853
1840
0
1865
1840
1860
0
1830
1953
0
1934
0
1910
1911
1914
0
1900
1934
1876
0
1911
1923
1923
1923
1923
1923
1923
1923
1923
1923
1923
1923
1923
1923
1900
1923
1929
0
1900
1890
1834
1890
1890
1890
1890
1890
1890
1890
1900
0
1896
1899
1899
0
1930
1882
1938
1920
1900
1890
1900
1907
1825
1908
1835
1855
1932
1931
1931
1936
1928
1931
1928
1931
1933
0
1921
1882
1882
1882
1864
0
1953
0
1931
1937
1931
