1585
1965
1984
1984
1984
1909
1984
1984
1982
1982
1982
1984
1763
1984
1984
1984
1984
1984
1970
1879
1959
1919
1966
1970
1897
1900
1900
1966
1900
1928
1901
1901
1870
1820
1932
1911
1875
1853
1868
1875
1878
1878
1901
1901
1901
1822
1894
1894
1894
1894
1894
1894
1894
1894
1894
1894
1894
1894
1901
1918
1911
1822
1917
1967
1967
1879
1917
1900
1881
1878
1881
1853
1853
1866
1887
1887
1887
1887
1887
1887
1887
1887
1887
1887
1887
1887
1887
1887
1887
1887
1887
1887
1887
1887
1888
1888
1880
1888
1888
1888
1888
1888
1888
1888
1888
1888
1890
1890
1890
1888
1891
1897
1893
1892
1896
1897
1897
1897
1897
1897
1897
1897
1897
1897
1901
1901
1901
1901
1897
1897
1897
1901
1901
1901
1896
1896
1879
1879
1854
1885
1889
1897
1879
1880
1879
1879
1875
1884
1891
1879
1877
1877
1876
1888
1881
1885
1890
1880
1885
1880
1885
1886
1885
1887
1887
1886
1886
1890
1890
1913
1887
1897
1897
1897
1899
1913
1897
1897
1897
1899
1897
1887
1914
1914
1914
1912
1916
1870
1859
1868
1800
1901
1897
1888
1901
1901
1901
1888
1888
1888
1899
1900
1900
1888
1901
1888
1888
1888
1888
1887
1901
1887
1887
1887
1867
1899
1897
1899
1899
1899
1899
1900
1899
1897
1897
1897
1897
1897
1897
1897
1897
1897
1897
1897
1897
1855
1915
1914
1913
1855
1902
1903
1913
1902
1903
1914
1911
1911
1911
1911
1911
1908
1911
1911
1911
1911
1911
1855
1855
1911
1903
1902
1902
1902
1905
1913
1905
1906
1906
1908
1899
1897
1897
1897
1897
1897
1897
1897
1898
1899
1897
1899
1899
1913
1897
1899
1897
1899
1899
1899
1898
1899
1897
1897
1859
1923
1928
1905
1905
1934
1920
1914
1870
1914
1916
1914
1932
1934
1913
1865
1885
1885
1903
1903
1934
1830
1920
1888
1830
1928
1886
1886
1928
1919
1920
1906
1870
1865
1934
1934
1938
1870
1906
1934
1934
1934
1906
1894
1865
1867
1870
1852
1865
1932
1914
1800
1875
1865
1975
1882
1900
1882
1870
1908
1908
1823
1910
1701
1980
1980
1939
1965
1979
1979
1979
1979
1979
1979
1979
1979
1965
1965
1887
1848
1937
1800
1800
1937
1800
1800
1937
1937
1887
1880
1893
1937
1875
1937
1902
1902
1887
1862
1873
1887
1887
1879
1897
1887
1887
1862
1917
1779
1873
1862
1861
1874
1863
1863
1857
1868
1800
1866
1866
1887
1790
1779
1850
1919
1919
1919
1800
1895
1895
1770
1902
1830
1784
1779
1791
1800
1914
1830
1914
1852
1855
1937
1784
1784
1784
1784
1784
1784
1784
1784
1784
1642
1779
1778
1851
1851
1851
1897
1897
1845
1846
1840
1840
1838
1784
1832
1784
1800
1878
1776
1901
1888
1901
1901
1901
1901
1901
1901
1901
1901
1901
1904
1901
1888
1901
1897
1888
1901
1901
1901
1901
1902
1901
1901
1982
1982
1984
1984
1984
1984
1984
1984
1984
1984
1984
1984
1984
1984
1984
1984
1984
1984
1984
1984
1984
1872
1931
1937
1932
1932
1901
1901
1901
1901
1911
1911
1911
1918
1897
1887
1897
1897
1897
1897
1897
1897
1897
1897
1897
1901
1901
1901
1901
1901
1917
1917
1901
1901
1891
1891
1891
1897
1897
1892
1879
1879
1854
1889
1872
1885
1885
1879
1887
1876
1890
1876
1880
1889
1877
1880
1881
1877
1880
1879
1885
1883
1888
1880
1883
1881
1885
1883
1881
1885
1885
1885
1885
1885
1887
1885
1877
1887
1890
1890
1887
1887
1886
1887
1887
1887
1887
1887
1887
1887
1887
1887
1887
1887
1888
1887
1887
1888
1880
1888
1888
1888
1888
1888
1888
1888
1888
1888
1890
1888
1890
1891
1890
1890
1853
1853
1876
1878
1900
1967
1900
1866
1866
1896
1894
1894
1894
1894
1894
1894
1894
1894
1894
1894
1894
1894
1894
1894
1894
1894
1894
1894
1894
1894
1853
1897
1853
1854
1854
1897
1875
1878
0
1878
0
1879
1882
1897
1902
1906
1882
1882
1899
1902
1800
1906
1906
1890
1890
1923
1928
1934
1916
1870
1914
1916
1916
1919
1934
1934
1934
1932
1934
1934
1932
1932
1932
1932
1932
1934
1934
1906
1934
1932
1932
1919
1928
1888
1887
1880
1880
1914
1855
1914
1913
1914
1914
1914
1882
1928
1934
1934
1934
1888
1888
1852
1852
1870
1934
1934
1934
1934
1870
1885
1897
1901
1887
1900
1901
1901
1901
1901
1887
1901
1901
1901
1901
1888
1888
1888
1887
1901
1887
1887
1901
1905
1897
1899
1897
1899
1899
1899
1913
1897
1897
1897
1897
1897
1898
1900
1897
1897
1897
1897
1897
1899
1897
1897
1897
1897
1897
1897
1897
1913
1887
1867
1867
1867
1859
1868
1914
1914
1914
1911
1913
1911
1913
1911
1908
1897
1897
1897
1915
1911
1911
1911
1911
1911
1911
1911
1897
1897
1897
1897
1897
1913
1913
1901
1901
1901
1901
1901
1901
1902
1901
1902
1902
1902
1902
1903
1902
1911
1902
1902
1902
1908
1902
1905
1901
1905
1906
1910
1905
1905
1901
1901
1901
1901
1901
1901
1901
1901
1901
1901
1902
1901
1902
1897
1897
1919
1888
1830
1905
1865
1910
1834
1867
1955
1938
1870
1906
1975
1917
1000
1985
1985
1853
1900
1979
1979
1979
1979
1979
1979
1979
1965
1965
1965
1965
1965
1979
1979
1979
1979
1979
1979
1979
1980
1980
1840
1832
1809
1809
1784
1784
1784
1809
1784
1784
1784
1784
1784
1784
1784
1784
1784
1784
1784
1784
1773
1784
1784
1779
1784
1772
1772
1683
1878
1878
1888
1887
1800
1830
1937
1895
1791
1800
1790
1830
1937
1830
1937
1866
1865
1854
1860
1800
1770
1800
1895
1866
1914
1937
1965
1800
1887
1887
1875
1917
1784
1911
1911
1928
1878
1873
1928
1901
1800
1830
1800
1800
1800
1800
1800
1800
1800
1862
1863
1856
1897
1879
1854
1880
1840
1851
1841
1851
1809
1838
1837
1779
1899
1851
1844
1897
1897
1851
1897
1851
1870
1800
1800
1800
1937
1875
1901
1800
1936
1902
1902
1878
1900
1900
1897
1900
1966
1897
1899
1897
1888
1897
1913
1897
1888
1822
0
0
1888
1901
1888
1913
1870
1914
1855
1914
1914
1901
1887
1887
1901
1899
1899
1899
1899
1899
1899
1900
1900
1901
1901
1901
1899
1899
1887
1887
1887
1897
1887
1897
1873
1873
1897
1897
1897
1897
1897
1897
1897
1897
1899
1899
1899
1911
1913
1911
1911
1908
1911
1908
1902
1905
1902
1913
1914
1906
1908
1905
1911
1911
1911
1911
1897
1902
1903
1913
1855
1882
1897
1897
1897
1897
1897
1897
1905
1897
1897
1899
1899
1897
1897
1897
1899
1899
1897
1897
1859
1914
1901
1901
1901
1901
1901
1901
1901
1901
1901
1901
1901
1901
1902
1901
1901
1901
1905
1902
1902
1902
1902
1923
1928
1928
1920
1928
1928
1830
1934
1934
1934
1934
1934
1938
1885
1934
1949
1934
1934
1934
1934
1934
1934
1934
1919
1919
1920
1912
1928
1901
1901
1911
1860
1906
1906
1875
1865
1865
1870
1894
1894
1894
1894
1911
1822
1823
1915
1772
1901
1901
1901
1901
1901
1901
1901
1901
1901
1882
1894
1894
1894
1894
1894
1894
1824
1800
1918
1918
1923
1966
1866
1967
1900
1878
1918
1853
1878
1901
1897
1867
1897
1887
1887
1887
1887
1887
1887
1888
1888
1887
1888
1888
1888
1888
1889
1888
1888
1888
1897
1891
1897
1893
1892
1897
1897
1897
1887
1887
1897
1897
1897
1897
1897
1897
1897
1897
1897
1897
1897
1897
1897
1897
1901
1901
1897
1901
1897
1897
1897
1897
1897
1878
1914
1917
1917
1917
1879
1850
1879
1879
1879
1875
1868
1875
1888
1875
1890
1879
1880
1890
1885
1877
1880
1880
1879
1877
1884
1885
1885
1885
1877
1890
1886
1885
1887
1887
1886
1886
1914
1878
1850
1867
1867
0
1980
1980
1980
1980
1980
1980
1935
1905
1900
1979
1979
1979
1965
1965
1905
1932
1932
1979
1979
1979
1979
1980
1979
1979
1979
1979
1979
1979
1979
1979
1979
1979
1979
1979
1979
1979
1984
1984
1984
1984
1984
1984
1984
1984
1984
1984
1984
1984
1959
1963
1982
1982
1860
1585
1984
1984
1984
1966
1966
1982
1870
1910
1874
1985
1985
1901
1911
1901
1901
1900
1850
1899
1902
1902
1800
1800
1882
1873
1800
1918
1928
1870
1906
1906
1894
1905
1938
1955
1938
1949
1938
1932
1934
1882
1882
1900
1890
1913
1873
1800
1910
1910
1890
1906
1934
1934
1934
1934
1934
1870
1906
1906
1800
1830
1800
1920
1834
1934
1934
1934
1934
1934
1934
1934
1934
1934
1934
1911
1865
1000
1897
1897
1897
1897
1867
1859
1873
1859
1887
1887
1868
1901
1888
1888
1901
1905
1888
1901
1901
1901
1901
1901
1888
1901
1901
1888
1888
1901
1901
1897
1902
1905
1905
1901
1901
1901
1901
1901
1905
1902
1902
1902
1914
1903
1902
1902
1905
1899
1899
1899
1899
1899
1900
1899
1899
1899
1899
1899
1899
1899
1899
1887
1897
1897
1897
1897
1900
1901
1898
1913
1899
1897
1899
1905
1899
1897
1905
1899
1899
1897
1911
1908
1855
1911
1911
1914
1911
1897
1897
1914
1897
1897
1897
1897
1897
1897
1897
1897
1913
1915
1916
1914
1915
1897
1897
1897
1905
1905
1906
1911
1901
1901
1901
1901
1903
1901
1902
1914
1901
1901
1901
1873
1897
1888
1830
1888
1830
1888
1865
1905
1913
1860
1870
1906
1875
1865
1965
1965
1965
1965
1899
1910
1979
1979
1979
1979
1979
1980
1980
1979
1979
1939
1979
1979
1979
1979
1922
1922
1928
1909
1897
1934
1934
1905
1932
1932
1932
1906
1885
1905
1905
1928
1928
1919
1885
1890
1885
1887
1887
1885
1901
1887
1887
1887
1887
1887
1887
1887
1887
1887
1887
1887
1887
1888
1888
1888
1888
1888
1888
1888
1888
1888
1888
1888
1888
1888
1890
1890
1892
1888
1891
1892
1892
1897
1879
1853
1879
1885
1879
1853
1880
1880
1888
1890
1876
1875
1880
1877
1880
1879
1879
1879
1890
1885
1885
1885
1890
1883
1887
1886
1885
1885
1887
1853
1853
1853
1897
1897
1897
1897
1897
1897
1897
1897
1897
1897
1897
1897
1897
1897
1897
1897
1901
1901
1901
1897
1985
1980
1979
1980
1980
1980
1979
1979
1979
1901
1901
1901
1881
1876
1876
1917
1967
1887
1911
1846
1772
1911
1866
1866
1932
1932
1932
1901
1901
1917
1917
1880
1880
1887
1887
1887
1887
1887
1887
1888
1887
1888
1888
1888
1888
1887
1888
1888
1888
1888
1889
1888
1890
1891
1888
1879
1879
1879
1880
1891
1879
1880
1890
1885
1880
1881
1880
1877
1885
1881
1885
1883
1883
1887
1885
1885
1885
1887
1887
1887
1887
1897
1901
1901
1888
1888
1888
1853
1897
1897
1887
1897
1897
1897
1897
1897
1897
1897
1897
1897
1897
1875
1878
1894
1894
1894
1894
1894
1894
1894
1894
1894
1894
1894
1894
1894
0
0
1830
1830
1851
1894
1901
1800
1900
1882
1897
1865
1900
1882
1800
1830
1854
1853
1854
1853
1875
1850
1872
1875
1853
1867
1878
1901
1901
1776
0
1866
1870
1917
1967
1914
1917
1914
1967
1901
1967
1967
1878
1881
1878
1894
1894
1894
1894
1915
1894
1894
1896
1824
1894
1896
1894
1882
1918
1846
1911
1585
1900
1785
1887
1873
1861
1862
1873
1880
1860
1887
1855
1854
1860
1830
1865
1937
1830
1865
1800
1800
1820
1895
1900
1937
1937
1937
1902
1800
1897
1887
1790
1800
1800
1885
1800
1800
1848
1800
1902
1893
1888
1887
1879
1880
1887
1880
1879
1800
1800
1937
1800
1875
1897
1873
1897
1897
1897
1846
1842
1844
1840
1841
1642
1826
1809
1784
1809
1809
1841
1863
1784
1784
1784
1784
1800
1784
1800
1784
1784
1800
1800
1779
1772
1800
1779
1659
1800
1800
1897
1772
1772
1800
1937
1880
1888
1880
1897
1897
1915
1912
1914
1914
1914
1914
1914
1914
1914
1902
1913
1902
1910
1906
1911
1915
1914
1897
1800
1846
1845
1840
1843
1840
1851
1842
1840
1841
1897
1897
1843
1846
1763
1963
1800
1800
1779
1800
1902
1830
1800
1823
1800
1800
1823
1800
1885
1902
1902
1800
1800
1800
1937
1937
1937
1937
1937
1937
1937
1937
1862
1856
1863
1879
1878
1873
1862
1800
1887
1878
1882
1879
1879
1882
1878
1862
1868
1874
1800
1659
1683
1779
1800
1800
1937
1919
1887
1900
1770
1861
1860
1860
1800
1863
1862
1840
1810
1832
1784
1809
1809
1805
1784
1784
1784
1784
1784
1778
1932
1932
1969
1853
1853
1854
1854
1850
1912
1938
1887
1887
1887
1901
1901
1898
1913
1899
1913
1913
1888
1888
1897
1887
1887
1899
1901
1901
1887
1887
1901
1899
1900
1900
1899
1911
1911
1911
1913
1908
1908
1911
1911
1911
1911
1903
1904
1911
1901
1901
1901
1901
1901
1902
1901
1901
1901
1901
1911
1913
1901
1901
1901
1901
1902
1902
1903
1902
1902
1905
1903
1911
1887
1899
1899
1899
1899
1899
1899
1899
1899
1899
1897
1859
1897
1905
1905
1897
1898
1900
1918
1923
1905
1897
1913
1897
1897
1897
1897
1897
1897
1897
1897
1897
1897
1897
1897
1897
1897
1897
1897
1897
1897
1897
1897
1897
1897
1897
1897
1897
1897
1897
1897
1897
1897
1897
1928
1928
1923
1928
1928
1934
1919
1919
1919
1920
1928
1897
1897
1897
1897
1923
1928
1920
1934
1934
1934
1934
1934
1934
1934
1934
1906
1906
1934
1932
1916
1918
1918
1934
1934
1934
1934
1934
1934
1934
1938
1979
1975
1979
1979
1979
1979
1979
1979
1979
1979
1868
1859
1854
1875
1909
1860
1938
1934
1934
1906
1910
1885
1860
1905
1852
1830
1830
1980
1878
1980
1980
1980
1979
1979
1979
1979
1979
1979
1965
1965
1965
1985
1701
1982
1982
1984
1984
1984
1984
1984
1984
1984
1984
1984
1984
1984
1984
1984
1984
1918
1918
1918
0
1918
1919
1920
1874
1763
1905
1928
1905
1900
1928
1901
1919
1899
1959
1850
1966
1900
1935
1966
1917
1900
1800
1970
1911
1585
1585
1928
1928
1901
1918
1918
1919
1911
1911
1911
1911
1917
1899
1800
1966
1966
1966
1917
1970
1984
1984
1984
1984
1984
1984
1984
1984
1984
1984
1984
1984
1984
1984
1984
1923
1932
1911
1887
1800
1937
1800
1937
1800
1800
1800
1830
1800
1800
1790
1852
1857
1854
1863
1873
1919
1937
1914
1865
1887
1937
1901
1895
1880
1901
1860
1880
1779
1862
1887
1887
1937
1937
1937
1937
1937
1937
1936
1902
1937
1888
1937
1888
1901
1937
1902
1937
1888
1878
1879
1878
1888
1887
1887
1887
1862
1897
1851
1851
1840
1844
1844
1832
1810
1840
1837
1784
1826
1784
1784
1805
1784
1784
1784
1784
1784
1784
1784
1773
1772
1784
1779
1784
1784
1779
1800
1800
1784
1899
1615
1900
1900
1897
1863
1918
1897
1820
1861
1887
1770
1800
1800
1800
1979
1979
1979
1979
1979
1979
1980
