1918
1918
1918
1918
1938
1918
1848
1911
1939
1918
1938
1918
1938
1877
1861
1803
1900
1877
1918
1895
1918
1918
1918
1918
1918
1803
1910
1803
1910
1848
1918
1856
1918
1918
1938
1877
1918
1918
1846
1939
1848
1918
1918
1918
1918
1918
1877
1918
1910
1918
1939
1895
1861
1938
1918
1918
1939
1918
1938
1848
1911
1846
1838
1918
1840
1938
1838
1939
1906
1939
1939
1918
1918
1870
1918
1918
1918
1910
1861
1870
1910
1918
1918
1890
1895
1848
1918
1918
1918
1842
1938
1918
1838
1918
1938
1918
1910
1877
1918
1918
1918
1803
1910
1870
1918
1918
1910
1803
1938
1918
1906
1918
1918
1842
1939
1939
1850
1900
1939
1918
1918
1910
1861
1906
1918
1877
1856
1861
1938
1828
1939
1918
1939
1918
1840
1848
1910
1938
1918
1840
1803
1856
1910
1877
1848
1910
1910
1910
1842
1870
1939
1870
1870
1918
1861
1848
1918
1918
1964
1877
1918
1848
1918
1918
1842
1939
1910
1918
1918
1939
1910
1861
1939
1918
1918
1918
1877
1918
1803
1918
1828
1918
1939
1918
1877
1964
1890
1918
1848
1938
1939
1939
1939
1938
1918
1910
1900
1918
1938
1856
1918
1918
1918
1895
1877
1918
1918
1918
1918
1910
1939
1918
1900
1964
1877
1911
1906
1848
1848
1877
1918
1900
1840
1842
1918
1877
1939
1918
1939
1803
1838
1877
1803
1856
1848
1918
1910
1918
1918
1918
1828
1918
1856
1890
1918
1939
1895
1939
1918
1910
1890
1919
1918
1803
1803
1918
1918
1918
1877
1918
1918
1918
1918
1911
1895
1918
1939
1861
1938
1918
1939
1939
1918
1918
1900
1840
1939
1870
1848
1918
1918
1939
1842
1918
1918
1828
1918
1938
1918
1910
1938
1939
1848
1918
1918
1939
1910
1900
1918
1918
1918
1919
1918
1877
1918
1910
1918
1918
1848
1861
1918
1939
1939
1848
1910
1870
1938
1803
1877
1918
1848
1918
1918
1890
1939
1918
1918
1918
1910
1861
1918
1877
1861
1861
1939
1918
1848
1910
1939
1861
1918
1842
1910
1861
1919
1918
1918
1939
1848
1848
1939
1939
1938
1918
1848
1918
1861
1918
1918
1910
1910
1939
1918
1803
1848
1918
1918
1870
1918
1877
1918
1918
1939
1939
1895
1938
1918
1919
1803
1910
1803
1918
1846
1918
1840
1846
1910
1877
1939
1842
1918
1938
1900
1918
1918
1895
1918
1918
1861
1842
1877
1803
1840
1877
1918
1939
1918
1861
1939
1918
1861
1939
1918
1877
1939
1861
1918
1803
1856
1803
1856
1918
1861
1938
1918
1939
1918
1939
1939
1918
1910
1918
1939
1848
1918
1840
1938
1918
1918
1910
