1876
1840
1820
1820
1860
1894
1900
1890
1890
1861
1825
1885
1886
1840
1927
1779
1984
1900
1850
1890
1890
1855
1815
1815
1808
1859
0
1847
1907
1905
1870
1850
1855
1855
1929
1890
1849
1927
1916
1940
1940
1900
1910
1833
1870
1930
1900
1902
2015
1900
1900
1839
1851
1846
1794
1820
1927
1848
1841
1927
1902
1916
1812
1841
1915
1826
1858
1855
1862
1859
1846
1890
1900
1900
1931
1849
1927
1855
1902
1941
1840
1833
1942
1832
1952
1932
1915
1965
1916
1900
1900
1967
1967
1967
1967
1967
1810
1927
1834
1872
1931
1847
1924
1887
1851
1793
1945
2000
1825
1900
1900
1965
1987
1841
1813
1910
1946
1840
1815
1846
1855
1900
1945
1870
1844
1846
1846
1967
1967
1967
1967
1967
1938
1849
1849
1840
1947
1840
1859
1900
1947
1815
1843
2014
2000
1857
1882
1902
1754
1896
1811
1811
1850
1851
1900
1947
1947
1947
1947
1947
1947
1947
1947
1947
1947
1947
1947
1947
1840
1841
1947
1947
1947
1935
1830
1934
2000
1835
1856
1894
1938
1890
1938
1900
1920
1853
1970
1790
1920
1855
1800
1846
1841
1900
1840
1825
1922
1764
1929
1829
1995
1970
1764
1970
1970
1927
1830
1880
1841
1900
1837
1840
1799
1865
1900
1986
1883
1886
1842
1842
1923
1848
1800
1855
1881
1833
1821
1820
1943
1849
1861
1845
1850
1945
1873
1929
1927
1942
1805
1930
1853
1956
1851
1931
1965
1900
1800
1902
1940
1932
1851
1910
1835
2000
1938
1846
1843
1853
1890
1900
1917
1900
1941
1900
1872
1847
1847
1843
1853
1849
1860
1859
1860
1846
1845
1844
1886
1938
1927
1881
1849
1841
1855
1861
1840
1952
1944
1987
1850
1846
1900
1833
1848
1841
1952
1849
1938
1830
1850
1932
1850
1848
1842
1786
1859
1865
1855
1800
1870
1900
1800
1872
1872
1946
1939
1850
1945
1938
1900
1800
1799
1910
1843
1939
1855
1938
1930
1952
1848
1916
1840
1841
1843
1795
1850
1910
1841
1844
1940
1952
1855
1925
1910
1900
1930
1941
1967
1894
1967
1967
1967
1967
1967
1967
1967
1835
1781
1963
2000
2000
1841
2014
1900
1830
1947
1947
1947
1947
1947
1947
2001
1947
1947
1947
1947
1947
1947
1947
1947
1947
1947
1781
1900
1945
1800
1947
1992
1947
1853
1837
1855
1859
1900
1810
1850
1810
1900
1876
1800
1990
1995
1819
1895
1902
1882
1840
1861
1900
1821
1840
1900
1951
1857
1825
1800
1885
1840
1870
1819
1837
1927
1859
1859
1947
1935
1857
1857
1825
1946
1927
1841
1930
1856
1933
1846
2000
1850
1942
1800
1910
1965
1833
1960
1840
1932
1852
1960
1823
1842
2015
1987
1812
1855
1946
1846
1848
1894
1794
1850
1900
1820
1820
1840
1873
1855
1845
1832
1832
1852
1844
1894
1967
1967
1967
1967
1967
1810
1867
1967
1967
1967
1894
1967
1825
1847
1940
1956
1776
1900
1846
1793
1840
1952
1837
1790
1930
1861
1856
1855
1927
1835
1910
1886
1842
1930
1873
1846
1794
1900
1859
1866
1815
1849
1842
1850
1848
1932
1845
1840
1938
1931
1890
1810
1927
1832
1916
1870
1848
1823
1910
1776
1960
1857
1939
1915
1865
1884
1894
1927
1841
1858
1845
1938
1894
1932
1839
1884
1837
1850
1900
1842
1848
1846
1795
1938
1965
1932
1886
1920
1965
1933
1841
1853
1850
1942
1843
1843
1858
1924
1779
1944
1944
1857
1857
1947
1947
1947
1947
1947
1947
1947
1947
1840
1900
1947
1947
1947
1947
1947
1947
1947
1947
1868
1781
1900
1846
1846
1846
1840
1840
1927
1790
1894
1868
1901
1853
1860
1900
1841
1850
1859
1945
1850
1945
1849
1800
1845
1827
1842
1843
1857
1951
1998
1900
1900
1900
1896
1900
1902
1841
1861
1840
1841
1826
1838
1821
1900
1841
1970
1970
1970
1970
1897
0
1920
1919
1882
1902
1842
1842
1967
1787
1813
1967
1967
1967
1967
1967
1967
1967
1967
1841
1833
1900
1846
1861
1900
1838
1847
1871
1854
2002
1932
1849
1900
1859
1900
1855
1800
1845
1833
1858
1929
1841
1938
1941
1832
1826
1932
1900
1855
1941
1927
1843
1900
1900
1970
1970
1970
1970
1842
1844
1799
1849
1867
1860
1841
1938
1944
1944
1840
1851
1848
1845
1848
1860
1920
1833
1845
1844
1910
1918
1855
1843
1855
1820
1812
1825
1902
1929
1854
1790
1830
1851
1785
1837
1851
1952
1931
1858
1900
1881
1841
1841
1860
1841
1825
1923
1900
1858
1886
1860
1858
1941
1788
1841
1850
1845
1850
1862
1842
1855
1853
1900
1870
1942
1850
1900
1837
1940
1850
1941
1843
1900
1841
1900
1859
1931
2015
1870
1850
1938
1855
1945
2009
1810
1793
1910
1900
1785
1854
1837
1886
1902
1877
1877
1810
1900
1930
1910
1900
1825
1845
1856
1845
1862
1837
1858
1930
2010
1900
1854
1839
1866
1923
1843
1855
1840
1840
1860
1850
1833
1891
1855
1897
1840
1840
1872
1897
1881
1888
1841
1870
1855
1855
1941
1927
1843
1940
1939
1942
1846
1843
1841
1901
1841
1860
1800
1828
1933
1938
1820
1815
1832
1840
1848
1900
1850
1855
1860
1853
1950
1918
1956
1910
2000
1930
1946
1946
1844
1833
1855
1870
1840
1901
1930
1945
1870
1839
1845
1855
1849
1845
1851
1845
1884
1900
1850
1855
1800
1849
1959
1905
1870
1850
1865
1865
1855
1854
1839
1854
1894
1930
1934
1845
1927
1840
1916
1862
1866
1876
1852
1947
1947
1947
1947
1947
1947
1947
1947
1947
1947
1947
1999
1999
1947
1947
1947
1947
1947
2001
1947
1851
1947
1800
1846
1781
1947
1947
1947
1947
1947
1992
1900
2000
1880
1900
1800
1795
1963
1833
1819
1900
1847
1952
1935
1919
1819
1868
1855
1800
1920
1920
1851
0
1951
1909
1927
1941
1840
1840
1840
1890
1887
1853
1862
1918
1924
1900
1919
1970
1787
1897
1970
1970
1970
1800
1927
1894
1790
1886
1970
1800
1970
1905
1855
1850
1776
1890
1819
1839
1813
1967
1835
1853
1856
1810
1877
1808
2000
1825
1905
1850
1834
1816
1816
1800
1910
1920
1967
1967
1967
1967
1967
1967
1967
1835
1839
1927
1832
1855
1841
1934
1850
1837
1916
1812
1848
1910
1900
1815
1913
1861
1861
1938
1868
1838
1890
1871
1850
1890
1829
1859
1830
1930
1900
1900
1842
1840
1900
1837
1860
1849
1953
1800
1764
1800
1843
1862
1847
1754
1860
2006
1779
1772
1772
1859
1855
1854
1854
1825
1851
1781
1781
1894
1861
1939
1947
1879
1947
1947
1947
1947
1947
1947
1947
1947
1947
1947
1947
1947
1947
1947
1947
1947
1947
1947
1947
1947
1947
1947
1947
1947
1800
1911
1929
1991
1857
1850
1859
1843
1830
1935
1952
1952
1764
