1914
1880
1916
1895
1907
1895
1907
1922
1895
1914
1914
1918
1916
1918
1914
1918
1914
1974
2017
2017
1940
1940
1940
1979
1979
1904
1979
1994
1904
1907
1907
1907
1895
1914
1918
1916
1914
1916
1914
1914
1916
1914
1914
1914
1916
1918
1914
1940
1940
1940
1914
1904
1979
1979
1979
1981
1914
1916
1918
1914
1914
1914
1914
1914
1979
1895
1895
1922
1895
1922
1907
1907
1904
1993
1940
1940
1940
2017
1900
1920
1914
1914
1916
1916
1916
1914
1914
1907
1895
1922
1907
1907
1907
1907
1930
1904
1994
1932
1989
1914
1915
1979
1904
1914
1979
1979
1979
1979
1994
1914
1914
1914
1914
1914
1914
1914
1918
1916
1916
1916
1918
1918
1922
1922
1907
1907
1895
1916
1916
1950
1915
1914
1893
1940
1940
1940
1993
2008
1940
1932
1979
