1803
1869
2020
2020
1979
1800
1800
1800
1870
1917
1914
1855
1870
1906
1919
1835
1835
1884
1858
1858
1858
1858
1858
1858
1858
1858
1800
1810
1900
1840
1979
1900
1860
1860
1860
1861
1924
1924
1875
1890
1890
1890
1869
1895
1895
1869
1895
1895
1870
1870
1870
1870
1870
1858
1864
1864
1890
1890
1851
1887
1887
1851
1851
1856
1861
1861
1861
1880
1865
1840
1840
1884
2019-01-01 00:00:00
1885
2019-01-01 00:00:00
2019-01-01 00:00:00
1890
1851
1858
1851
1851
1858
1892
1892
1870
1890
1863
1852
1879
1852
1851
1852
1860
1892
1847
1850
1892
1899
1858
1875
1897
1897
1858
1863
1900
1850
1859
1859
1869
1869
1850
1856
1856
1869
1850
1857
1857
1857
1857
1869
1850
1858
1858
1900
1811
1803
1803
1803
1803
1803
1803
1803
1924
1924
1849
1923
1923
1780
1780
1918
1779
1836
1890
1833
1788
1874
1887
1919
1850
1918
1768
1897
1897
1897
1893
1897
1922
1922
1924
1840
1920
1850
1919
1919
1855
1922
0
1914
1923
1768
1851
1768
1926
1921
1833
1768
1768
1856
1919
1926
1885
1802
1922
1808
1802
1933
1933
1933
1933
1933
1772
1916
1847
1803
1910
1872
1808
1900
1849
1808
1919
1768
1915
1915
1915
1915
1851
1900
1786
1836
1856
1856
1996
1927
1927
1927
1927
1835
1835
1835
1989
1835
1835
1835
1789
1856
1924
1918
1795
1918
1900
1900
1900
1763
1800
1789
1834
1900
1900
1900
1923
1879
1914
1900
1900
1835
1900
1794
1829
1900
1800
1915
1856
1854
1787
1926
1922
1933
1857
1922
1776
1849
1898
1790
1860
1857
1914
1914
1907
1900
1918
1900
1885
1856
1907
1924
1885
1885
1919
1845
1855
1798
1920
1914
1923
1915
1921
1803
1803
1803
1910
1917
1817
1836
1921
1979
1830
1836
1856
1855
1804
1817
1890
1860
1825
1803
1840
1919
1861
1834
1907
1907
1834
1996
1996
1996
1937
1864
1864
1864
1864
1864
1864
1864
1864
1864
1930
1930
1930
1930
1880
1930
1772
1772
1772
1772
1772
1880
1880
1880
1863
1880
1863
1863
1863
1880
1853
1840
1840
1840
1840
1840
1840
1840
1840
1840
1817
1817
1900
1900
1900
1900
1842
1834
1844
1900
1900
1900
1900
1900
1900
1900
1900
1900
1900
1900
1900
1900
1900
1844
1836
1844
1826
1900
1820
1810
1900
1900
1900
1900
1900
1900
1900
1900
1900
1900
1900
1900
1900
1900
1900
1900
1900
1930
1863
1817
1817
1817
1817
1817
1817
1803
1803
1880
1880
1930
1930
1930
1930
1930
1856
1790
1820
1820
1900
1855
1855
1880
1855
1855
1855
1855
1855
1813
1813
1813
0
1869
1813
1813
1813
1813
1813
1813
1813
1813
1813
1813
1813
1813
1813
1813
1813
1813
1813
1813
0
1822
1869
1840
1907
1907
1907
1907
1907
1907
1907
1907
1907
1907
1907
1907
1907
1920
1920
1920
1920
1920
1920
1920
1920
1920
1920
1924
1924
1924
1924
1924
1924
1920
1920
1920
1920
1920
1920
1920
1920
1920
1920
1924
1924
1920
1920
1906
1906
1906
1906
1924
1906
1924
1924
1924
1924
1924
1924
1907
1907
1907
1907
1907
1907
1924
1907
1907
1907
1907
1907
1907
1907
1907
1784
1907
1924
1922
1924
1922
1922
1922
1922
1922
1922
1922
1922
1922
1922
1904
1904
1848
1922
1922
1922
1937
1937
1937
1937
1937
1937
1937
1924
1924
1922
1924
1924
1924
1924
1922
1924
1922
1924
1924
1924
1924
1922
1927
1924
1855
1931
1916
1855
1854
1836
1907
1847
1821
1855
1776
1829
1856
1853
1853
1853
0
1894
1894
1894
1894
1894
1894
1894
1894
1894
1894
1894
1894
1894
1894
1894
1894
1894
1894
1894
1894
1894
1894
1894
1894
1894
1894
1894
1894
1894
1894
1894
1894
1894
1894
1894
1894
1894
1894
1894
1894
1894
1894
1894
1894
1894
1894
1894
1894
1894
1894
1894
1894
1894
1894
1894
1894
1894
1894
1894
1894
1894
1894
1894
1894
1894
1894
1886
1886
1886
1886
1886
1886
1886
1886
1886
1861
1890
1853
1853
1853
1853
1853
1853
1853
1853
1853
1853
1853
1853
1853
1853
1853
1853
1853
1853
1853
1853
1853
1853
1853
1853
1853
1853
1853
1853
1853
1853
1853
1853
1853
1835
1836
1825
1796
1848
1848
1848
1927
1904
1927
1904
1927
1904
1897
1904
1927
1927
1927
1927
1927
1924
1904
1927
1853
1906
1906
1906
1906
1906
1906
1906
1906
1906
1906
1904
1906
1927
1906
1906
1927
1904
1927
1904
1904
1904
1906
1904
1904
1927
1927
1904
1904
1904
1904
1904
1904
1927
1927
1927
1927
1906
1906
1906
1906
1906
1906
1906
1906
1906
1906
1906
1927
1927
1927
1904
1848
1776
1776
1776
1776
1776
1776
1776
1776
1927
1927
1904
1927
1850
1843
1847
1830
1828
1776
1776
1776
1776
1907
1907
1907
1847
1907
1907
1907
1907
1907
1907
1907
1907
1907
1907
1907
1907
1907
1907
1907
1907
1907
1907
1907
1907
1907
1786
1786
1786
1794
1907
1907
1907
1907
1907
1907
1907
1907
1854
1907
1776
1850
1870
1861
1879
1850
1870
1885
1863
1863
1863
1863
1850
1850
1903
1903
1903
1895
1855
1855
1855
1879
1840
1979
1840
1840
1831
1880
1835
1836
1835
1880
1850
1800
1836
1836
1855
1855
1836
1845
1845
1855
1841
1860
1843
1900
1853
1842
1848
1848
1855
1855
1810
1850
1854
1850
1810
1836
1835
1800
1810
1844
1844
1844
1840
1840
1858
1861
1861
1890
1866
1879
1879
1855
1893
2019-01-01 00:00:00
1860
1893
1884
1893
1856
1866
1853
1853
1899
1899
2019-01-01 00:00:00
2019-01-01 00:00:00
2019-01-01 00:00:00
1842
1879
2019-01-01 00:00:00
1851
1853
1840
1880
1870
1901
1863
2019-01-01 00:00:00
1897
1879
1893
1897
1851
1860
1851
2019-01-01 00:00:00
2019-01-01 00:00:00
2019-01-01 00:00:00
1897
1890
1901
2019-01-01 00:00:00
1860
1863
1842
2019-01-01 00:00:00
1855
1860
1897
1840
1901
1840
1863
1879
1840
1906
1907
1858
1897
1858
1895
1890
1890
1869
1890
1880
1880
1916
1880
1880
1916
1918
1918
1914
1914
1914
1914
1914
1914
1880
1858
1881
1880
1880
2019-01-01 00:00:00
1867
1895
2019-01-01 00:00:00
1858
1847
1899
1883
2019-01-01 00:00:00
1850
2019-01-01 00:00:00
2019-01-01 00:00:00
1856
1856
1869
2019-01-01 00:00:00
1850
1850
1854
1856
1850
1878
1878
1856
1885
1878
1895
1870
1890
1845
1847
1850
2019-01-01 00:00:00
1854
1870
1895
1854
1854
2005
1865
1846
1860
1895
1846
1895
1860
1895
1870
1857
2019-01-01 00:00:00
1865
1860
1850
1847
1850
1888
1863
1858
1885
1885
1865
1840
1880
1888
1840
1842
1860
1861
1924
1830
1850
1819
1856
1860
1870
1860
1870
1870
1860
1855
1856
1844
1906
1906
1907
1879
1860
1880
1850
1880
1880
1860
1867
1867
1863
1850
1850
1890
1885
1885
1835
1884
1869
2011
1870
1850
1850
1870
1910
1328
1328
1328
1328
1328
1328
1328
1328
1328
1328
1328
1328
1328
1328
1328
1328
1328
1328
1851
1851
1851
1851
1851
1851
1851
1851
1914
1914
1328
1328
1328
1328
1328
1328
1328
1328
1328
1328
1328
1328
1328
1328
1835
1900
1900
1810
1820
1828
1900
1900
1784
2011
2011
2011
2011
2011
2011
2011
2011
2011
2011
2011
2011
2011
2011
2011
2011
2011
2011
2011
2011
2011
2011
2011
2011
2011
2011
2011
2011
2011
2011
2011
2011
2011
2011
2011
2011
2011
2011
2011
2011
2011
2011
2011
2011
2011
2011
2011
2011
2011
2011
2011
2011
2011
2011
2011
2011
2011
2011
2011
2011
2011
2011
2011
2011
2011
2011
2011
2011
2011
2011
2011
2011
2011
2011
2011
2011
2011
2011
2011
2011
2011
2011
2011
2011
2011
1850
1920
1920
2011
2011
2011
2019
2011
2011
2019
1741
1741
2019
2011
1741
1741
1741
1741
1741
1741
1741
2011
2011
2011
2011
2011
2011
2011
2011
2011
2011
2011
2011
2011
2011
2011
2011
2011
1328
1328
1328
1328
1328
1328
1328
1328
1328
1328
1328
1328
1328
1328
1328
1328
1328
1328
1328
1328
1328
1328
1328
1328
1328
1328
1328
1328
1328
1328
1328
1328
1328
1328
1328
1328
1851
1851
1851
1851
1851
1851
1851
1851
1851
1851
1851
1851
1851
1851
1851
1851
1851
1851
1851
1851
1851
1851
1851
1851
1851
1851
1851
1851
1851
1920
1920
2019-01-01 00:00:00
2019-01-01 00:00:00
1800
1890
1890
1850
1850
1833
1834
1820
1846
1854
1836
1790
1825
1876
1980
1980
1928
1928
1928
1928
1928
1928
1826
1777
1928
1928
1928
1817
1817
1817
1817
1817
1817
1817
1772
1887
1927
1776
1776
1904
1920
1921
1920
1790
1920
1776
1808
1808
1900
1856
1920
1920
1800
1871
1871
1933
1842
1923
1966
1924
1890
1900
1874
1905
1770
1829
1890
1900
0
1833
1795
1921
1779
1779
1779
1768
1809
1802
1900
0
1802
1835
1850
1922
1920
1855
1917
1914
1768
1835
1918
1857
1821
1852
1926
1923
1923
1919
1893
1893
1893
1893
1922
1919
1897
1897
1922
1922
1922
1914
1868
1926
1917
1851
1900
1850
1850
1840
1893
1840
1923
1907
1776
1885
1885
1836
1790
1928
1928
1914
1928
1901
1900
1853
1898
1857
1857
1885
1848
1924
1857
1857
1829
1864
1864
1864
1864
1864
1864
1864
1864
1864
1864
1864
1795
1692
1830
1896
1879
1803
1927
1889
1920
1920
1920
1900
1920
1920
1920
1920
1858
1855
1855
1829
1866
1772
1772
1772
1772
1772
1852
1853
1930
1930
1930
1880
1880
1930
1930
1930
1930
1930
1930
1930
1930
1930
1930
1900
1803
1803
1817
1817
1817
1817
1817
1817
1817
1861
1880
1802
1825
1900
1900
1900
1900
1900
1900
1900
1900
1853
1900
1900
1840
1916
1863
1880
1880
1880
1863
1900
1900
1880
1880
1863
1840
1863
1880
1880
1863
1863
1863
1863
1855
1817
1817
1840
1840
1840
1817
1840
1840
1817
1900
1847
1895
1868
1930
1812
1930
1930
1778
1894
1894
1894
1894
1894
1894
1894
1894
1894
1894
1894
1894
1894
1894
1894
1894
1894
1894
1894
1894
1894
1894
1894
1894
1894
1894
1894
1894
1894
1894
1894
1894
1894
1894
1894
1894
1894
1894
1894
1894
1894
1894
1894
1894
1894
1894
1894
1886
1886
1886
1886
1886
1886
1886
1886
1886
1900
1812
1900
1835
1817
1900
1900
1900
1900
1900
1900
1900
1900
1900
1900
1900
1900
1900
1851
1900
1900
1900
1900
1855
1847
1855
1855
1855
1842
0
0
1890
1843
1855
1848
1848
1848
1848
1858
1850
0
1842
1852
1900
1857
1850
1900
2020
2020
1851
1890
1890
1840
1851
1890
1898
1898
1898
1869
1895
1895
1895
1864
1864
1880
1917
1880
1880
1890
1892
1892
1870
1890
1890
1890
1890
1851
1870
1870
1916
1922
1915
1914
1914
1918
1914
1854
1858
1897
1867
1858
1858
1861
1885
1861
1869
1869
1885
1880
1917
1880
1918
1880
1854
1328
1328
1328
1328
1328
1328
1328
1328
1328
1328
1328
1328
1328
1328
1328
1328
1328
1328
1887
1847
1892
1850
1869
1858
1850
1899
1900
1870
1870
1870
1850
1910
1910
1915
1785
1775
1900
1806
1900
1851
1851
1851
1851
1851
1851
1851
1851
1851
1851
1851
1851
1851
1851
1851
1851
1851
1851
1851
1851
1851
1851
1851
1851
1851
1851
1851
1851
1851
1851
1851
1851
1851
1851
1851
1851
1869
2011
2011
2011
2011
2011
2011
2011
2011
2011
2011
2011
2011
2011
2011
2011
2011
2011
2011
2011
2011
2011
2011
2011
2011
2011
2011
2011
2011
2011
2011
2011
2011
2011
2011
2011
2011
2011
2011
2011
2011
2011
2011
2011
2011
2011
2011
2011
2011
2011
2011
2011
1741
2011
2019
1741
1741
2011
2011
2011
2011
2011
2011
2011
2011
2011
2011
2011
2011
2011
2011
2011
2011
2011
2011
2011
2011
2011
2011
2011
2011
2011
2011
2011
2011
2011
2011
2011
2011
2011
2011
2011
2011
2011
2011
2011
2011
2011
1870
1870
1850
1850
1851
1860
1860
1328
1328
1328
1328
1328
1328
1328
1328
1328
1328
1328
1850
1850
1869
1857
1869
1869
1858
1858
1875
1850
1840
1328
1328
1328
1328
1328
1328
1328
1328
1328
1328
1328
1328
1328
1328
1328
1328
1328
1328
1328
1890
1851
1840
1887
1887
1851
1851
1851
1856
1856
1856
1856
1856
1858
1863
1869
1856
1880
1820
1899
1899
1915
1328
1915
1328
1328
1328
1328
1328
1328
1328
1328
1328
1328
1328
1328
1328
1328
1328
1328
1328
1328
1328
1328
1328
1328
1328
1328
1328
1328
1328
1328
1328
1870
1870
1861
2019-01-01 00:00:00
1800
1800
1800
1800
1870
1870
2005
1863
1863
1863
1863
1860
1835
1835
1858
1826
1893
1836
1855
1855
1844
1844
1834
1834
1907
1836
1914
1917
1900
1907
1810
1810
1828
1855
1844
1853
1853
1853
1853
1853
1853
1853
1853
1853
1853
1853
1853
1853
1853
1853
1853
1931
1914
1914
1915
1915
1857
1850
1840
1885
1840
1840
1888
1850
1863
1888
1840
2019-01-01 00:00:00
1860
1890
2019-01-01 00:00:00
1851
1860
1890
1890
2019-01-01 00:00:00
1890
2019-01-01 00:00:00
2019-01-01 00:00:00
2019-01-01 00:00:00
1870
1840
1890
1855
1914
1883
1883
1879
1899
1860
1853
1853
1853
1853
1853
1853
1853
1845
2019-01-01 00:00:00
1855
1855
1890
1840
1875
1855
1860
1858
1840
1890
1893
1848
1851
1870
1866
1870
1851
1840
1848
1848
1851
1870
1851
1884
1870
1893
1893
1840
1870
1855
1840
2019-01-01 00:00:00
1856
1863
2019-01-01 00:00:00
1863
1863
2019-01-01 00:00:00
1899
1870
1879
2019-01-01 00:00:00
1840
1879
1849
1863
2019-01-01 00:00:00
1893
1879
1897
1893
1855
1860
1860
1860
1860
1881
1847
1881
1881
1858
1890
1890
1851
1890
1890
1890
1858
1858
1895
1895
1864
2019-01-01 00:00:00
2019-01-01 00:00:00
1885
1870
1854
1854
1870
1864
1890
1895
1895
1870
1860
1854
1854
2005
1847
1847
1847
1865
1958
1860
1958
1858
1860
1870
1858
1860
1860
2019-01-01 00:00:00
1858
1850
1858
1895
1881
1847
1895
1850
1895
1850
1847
1847
1858
1840
1899
1883
1840
2019-01-01 00:00:00
1880
1850
1850
1850
2019-01-01 00:00:00
2019-01-01 00:00:00
1850
1850
2019-01-01 00:00:00
1870
1850
1850
1885
1890
1856
1854
1847
1890
2019-01-01 00:00:00
1890
1877
1895
1860
1860
1860
1851
1903
1850
1855
1855
1851
1851
1895
1855
1855
1892
1892
1914
1834
1825
1843
1824
1848
1825
1870
2011
2011
2011
2011
2011
2011
2011
2011
2011
2011
2011
2011
2011
2011
2011
2011
2011
2011
2011
2011
2011
2011
2011
2011
2011
2011
2011
0
1907
1907
1880
1850
1850
1860
1867
1890
1888
1888
1890
1850
1888
1860
1840
1863
1835
2019-01-01 00:00:00
2019-01-01 00:00:00
1863
1861
1861
1861
1855
1879
1870
1870
1844
1918
1850
1816
1856
1850
1850
1850
1856
1860
1856
1856
1862
1836
1836
1836
1858
1836
1836
1900
1850
1850
1842
1920
1836
1835
1857
1855
1856
1835
1979
1907
1907
1907
1907
1907
1907
1907
1907
1907
1907
1907
1907
1907
1907
1907
1907
1907
1907
1907
1906
1906
1906
1906
1906
1838
1924
1924
1937
1937
1776
1776
1776
1776
1776
1776
1776
1776
1922
1922
1922
1922
1924
1922
1922
1924
1922
1922
1922
1922
1927
1924
1922
1924
1924
1904
1831
1904
1906
1927
1922
1906
1927
1904
1924
1924
1924
1924
1922
1922
1924
1922
1924
1924
1922
1922
1922
1922
1906
1923
1924
1924
1924
1800
1924
1920
1920
1920
1920
1920
1920
1920
1920
1920
1920
1920
1920
1920
1920
1920
1920
1920
1920
1920
1850
1927
1907
1907
1907
1907
1907
1907
1907
1907
1907
1907
1776
1907
1907
1907
1907
1907
1907
1907
1907
1907
1907
1800
1907
1907
1907
1907
1907
1871
1850
1907
1907
1907
1907
1907
1907
1907
1907
1907
1907
1907
1907
1907
1835
1835
1835
1847
1939
1850
1835
1927
1834
1907
1907
1907
1907
1907
1907
1834
1834
1900
1834
1926
1996
1834
1907
1834
1888
1924
1834
1925
1888
1937
1937
1937
1900
1904
1927
1927
1904
1906
1904
1927
1904
1904
1927
1927
1927
1904
1904
1927
1927
1927
1904
1927
1927
1904
1927
1904
1904
1904
1927
1927
1906
1906
1927
1927
1906
1767
1906
1906
1906
1924
1906
1906
1906
1924
1924
1924
1924
1924
1924
1924
1924
1924
1924
1924
1924
1924
1906
1924
1924
1927
1904
1904
1906
1786
1786
1811
1811
1860
1860
1860
1927
1904
1927
1904
1906
1904
1906
1906
1906
1904
1906
1906
1927
1904
1906
1906
1906
1906
1906
1906
1906
1906
1906
1906
1906
1906
1906
1906
1927
1927
1904
1927
1927
1927
1927
1927
1927
1927
1927
1813
1813
1813
1813
1813
1853
0
1823
1832
1915
1915
1869
1869
1869
1813
1813
1813
1813
1813
1813
1813
1813
1836
1839
1834
1900
1858
1780
1780
1780
1780
1803
1803
1803
1803
1803
1803
1803
1803
1933
1924
1920
1843
1843
1920
1920
1924
1924
1924
1924
1924
1920
1840
1868
1934
1934
1928
1829
1900
1784
1919
1900
1801
1924
1926
1924
1900
1920
1910
1915
1900
1920
1900
1900
1900
1916
1820
1918
1926
1803
1803
1803
1829
1898
1783
1915
1915
1915
1915
1918
1915
1915
1817
1817
1817
1817
1928
1928
1928
1928
1928
1916
1810
1841
1836
1836
1844
1837
1837
1795
1800
1829
1821
1772
1772
1772
1772
1880
1880
1880
1863
1863
1880
1837
1840
1930
1930
1930
1900
1900
1900
1900
1867
1842
1930
1930
1930
1817
1930
1930
1930
1930
1930
1825
1802
1900
1900
1900
1900
1841
1900
1900
1900
1900
1810
1900
1900
1900
1772
1913
1989
1831
1817
1915
1915
1915
1860
1852
1772
1843
1842
1778
1850
1842
1841
1842
1823
1844
1844
1834
1885
1834
1875
1780
1780
1780
1780
1834
1780
1900
1900
1900
1900
1900
1900
1900
1900
1900
1900
1900
1900
1900
1855
1855
1855
0
1808
1835
1779
1900
1915
1915
1914
1802
1901
1802
1894
1933
1898
1922
1808
1774
1933
1933
1933
1914
1915
1900
1920
1900
1850
1916
1847
1880
1851
1845
1922
1923
1900
1915
1914
1835
1900
1933
1900
1800
1892
1889
1889
2005
1875
2005
1875
1888
1888
1898
1918
1898
1898
1898
2019-01-01 00:00:00
2019-01-01 00:00:00
1800
1800
1890
1835
1858
1858
1858
2020
2020
1914
1855
1870
1870
1863
1850
1900
1900
1900
1919
1919
1919
1917
1917
1917
1917
1917
1863
1863
1863
1890
1870
1870
1890
1898
1898
1851
1898
1895
1869
1864
1880
1864
1880
1885
1879
1860
1879
1880
1887
1847
1880
1860
1860
1843
1892
1899
1899
1843
1890
1890
1887
1887
1851
1856
1856
1858
1869
1860
1860
1869
1869
1860
1859
1859
1860
1820
1869
1820
1856
1899
1892
1870
1924
1887
1800
1800
1879
1856
1870
1900
1328
1328
1328
1328
1328
1328
1328
1328
1328
1902
1855
1857
1917
1860
1895
1860
1895
1895
1860
1860
1860
1860
1860
1860
1855
1885
1885
1855
1850
1850
1869
1857
1899
1869
1869
1858
1850
1875
1850
1865
1850
1850
1850
1840
1850
1855
1855
1851
1851
1895
1906
1855
1906
1880
1890
1880
1850
1885
1867
1890
1888
1885
1840
1835
2019-01-01 00:00:00
1863
1863
1884
1863
2019-01-01 00:00:00
2019-01-01 00:00:00
2019-01-01 00:00:00
1884
1869
1869
1869
1869
1869
1869
1840
1840
1840
1979
1899
1850
1899
1875
1897
1858
1890
1880
1890
1851
1892
1900
2011
2019
2011
2011
2011
2011
2011
2011
2011
2011
2011
2011
1741
1741
1741
1741
1741
1741
2011
2011
2011
2011
2011
2011
2011
2011
2011
2011
2011
2011
2011
2011
2011
2011
2011
2011
2011
2011
2011
2011
2011
2011
2011
2011
2011
2011
2019
2011
2011
2011
2011
2011
2011
2011
2011
2011
2011
2011
2011
2011
2011
2011
2011
2011
2011
2011
2011
2011
2011
2011
2011
2011
2011
2011
2011
2011
2011
2011
2011
2011
2011
2011
2011
2011
2011
2011
2011
2011
2011
2011
2011
2011
2011
2011
2011
2011
2011
2011
2011
2011
2011
2011
2011
2011
2011
2011
2011
2011
2011
2011
2011
2011
2011
2011
2011
2011
2011
2011
2011
2011
2011
2011
2011
2011
2011
2011
2011
2011
1870
1870
1850
1851
1851
1852
1852
1851
1851
1851
1851
1851
1851
1851
1851
1851
1880
1870
1870
1870
1850
1328
1328
1328
1328
1328
1328
1328
1328
1328
1328
1328
1328
1328
1328
1328
1851
1851
1851
1851
1851
1851
1851
1900
1900
1802
1328
1328
1328
1328
1328
1328
1328
1328
1328
1328
1328
1328
1328
1328
1328
1328
1328
1328
1328
1328
1328
1328
1328
1328
1328
1328
1328
1328
1328
1328
1328
1328
1328
1328
1328
1328
1328
1328
1328
1328
1328
1328
1851
1851
1851
1851
1851
1851
1851
1851
1851
1851
1851
1851
1851
1851
1851
1851
1851
1851
1851
1851
1851
1851
1851
1851
1851
1851
1851
1851
1851
1927
1914
1914
1328
1328
1328
1328
1328
1328
1328
1328
1328
1856
1850
1768
1851
1853
1768
1914
1893
1893
1893
1893
1885
1902
1768
1768
1768
1829
1914
1919
1897
1840
1840
1914
1850
1900
1794
1900
1788
1796
1840
1840
1840
1915
1923
1885
1794
1806
1900
1808
1828
1808
1922
1920
1900
1836
1916
1926
1884
1915
1914
1928
1919
1928
1851
1800
1848
1915
1803
1811
1838
1779
1821
1919
1885
1789
1909
0
1857
1857
1850
1864
1864
1864
1864
1864
1864
1864
1864
1864
1900
1923
1864
1906
1927
1829
1919
1890
1890
1921
1922
1922
1855
1923
1923
1914
1899
1803
1803
1914
1867
1817
1817
1817
1817
1817
1817
1817
1817
1817
1817
1817
1908
1860
1894
1894
1894
1894
1894
1894
1894
1894
1894
1894
1894
1894
1894
1894
1894
1894
1894
1894
1894
1894
1894
1894
1894
1894
1894
1894
1894
1894
1894
1894
1894
1894
1894
1894
1894
1894
1894
1894
1894
1894
1894
1894
1894
1886
1886
1886
1886
1886
1886
1886
1886
1875
1890
1861
1855
1875
1875
1855
1855
2019-01-01 00:00:00
1855
1861
2019-01-01 00:00:00
2019-01-01 00:00:00
1855
1870
1855
1851
1861
1899
1860
1849
1890
1890
1850
1890
1851
1849
1861
1897
1855
1890
1899
1860
1890
1890
1842
1851
1861
1861
1861
1870
2019-01-01 00:00:00
2019-01-01 00:00:00
1870
1880
1899
2019-01-01 00:00:00
1863
1879
1861
1840
1861
1833
1879
1979
1924
1854
1835
1900
1850
1830
1835
1870
1853
1853
1853
1853
1853
1853
1853
1853
1853
1853
1853
1853
1853
1853
1853
1853
1853
1851
1850
0
1907
1880
1810
1836
1880
1844
1850
1907
1907
1854
0
1829
1836
1836
1836
1836
1810
1810
1850
1800
1850
1854
1836
1836
1855
1835
1856
1850
1854
1850
1918
1836
1836
1850
1835
1836
1836
1855
1836
1937
1937
1937
1937
1920
1920
1920
1920
1920
1920
1920
1920
1920
1920
1920
1920
1920
1920
1920
1920
1891
1911
1882
1927
1927
1927
1927
1904
1927
1904
1904
1927
1927
1904
1927
1904
1927
1927
1927
1904
1927
1927
1927
1927
1927
1927
1906
1906
1906
1906
1906
1906
1906
1906
1906
1906
1906
1904
1927
1927
1904
1927
1927
1920
1924
1924
1920
1920
1907
1907
1907
1907
1863
1934
1934
1907
1907
1907
1907
1907
1907
1907
1907
1907
1907
1907
1907
1907
1907
1907
1907
1907
1907
1907
1907
1907
1907
1907
1907
1907
1906
1906
1906
1906
1927
1906
1906
1927
1927
1927
1927
1906
1906
1904
1904
1906
1906
1904
1927
1904
1904
1904
1904
1906
1906
1904
1927
1906
1904
1904
1904
1927
1927
1854
1907
1907
1907
1907
1907
1776
1776
1776
1776
1907
1907
1907
1907
1907
1907
1907
1907
1811
1795
1869
1907
1907
1907
1907
1907
1907
1907
1860
1860
1825
1871
0
1853
1907
1917
1917
1917
1919
1907
1907
1907
1907
1879
1907
1854
1907
1907
1907
1907
1907
1907
1907
1907
1927
1924
1924
1924
1924
1924
1924
1922
1924
1922
1922
1922
1924
1922
1922
1922
1922
1850
1922
1922
1922
1924
1924
1924
1927
1922
1922
1924
1924
1776
1762
1776
1776
1937
1937
1937
1924
1922
1922
1922
1922
1927
0
0
1813
1813
1813
1813
1813
1813
1813
1813
1813
1813
1813
1813
1813
1813
1828
1813
1813
1813
1813
1869
1869
1869
1869
1869
1840
1840
1803
1803
1803
1803
1803
1803
1803
1789
1979
1996
1996
1996
1831
1840
1924
1924
1874
1860
1803
1825
1927
1927
1923
1887
1920
1829
1836
1916
1802
1856
1836
1925
1837
1996
1855
1776
1856
1850
1836
1850
1925
1835
1835
1835
1843
1927
1825
1820
1850
1925
1921
1860
1875
1918
1922
1922
1915
1915
1915
1914
1918
1918
1914
1895
1865
1858
1850
1847
1858
1860
1861
1890
1897
1860
1869
1860
1858
1885
1860
1885
1861
1880
1916
1916
1916
1916
1919
1800
1840
1914
1914
1891
1891
1900
1885
1840
1863
1885
1858
1858
1840
1840
1854
1880
1858
1860
1880
1840
1847
1840
1866
2019-01-01 00:00:00
1849
1883
1848
1883
1931
1931
1858
1860
1858
2019-01-01 00:00:00
1868
1868
2019-01-01 00:00:00
1868
1900
1851
1850
1847
1881
2019-01-01 00:00:00
1895
2019-01-01 00:00:00
1895
1851
1899
1879
1849
1850
1881
1858
1847
1858
1840
1858
2019-01-01 00:00:00
1867
1867
2019-01-01 00:00:00
1899
1836
2019-01-01 00:00:00
1899
1850
1850
1836
1850
1850
2019-01-01 00:00:00
1870
1856
2019-01-01 00:00:00
1854
1890
1890
1858
1885
1856
1856
1895
1890
1890
1858
1850
1890
2019-01-01 00:00:00
1902
1902
1895
1895
1850
1854
1850
1854
1847
1846
1958
1895
1916
1848
1848
1837
1924
1924
1924
1924
1924
1924
1924
1924
1924
1924
1924
1924
1927
1906
1906
1924
1907
1907
1841
1906
1906
1906
1906
1786
1786
1786
1829
1851
1831
1817
1817
1817
1817
1817
1817
1817
1930
1930
1930
1817
1817
1817
1817
1863
1880
1880
1880
1900
1840
1840
1830
1840
1840
1840
1840
1840
1840
1840
1840
1840
1840
1840
1817
1817
1920
1920
1906
1860
1900
1900
1900
1900
1900
1900
1930
1930
1930
1812
1829
1880
1880
1880
1880
1880
1880
1863
1840
1840
1840
1840
1817
1840
1840
1840
1830
1817
1817
1840
1840
1840
1879
1881
0
1980
1803
1800
1900
1900
1900
1900
1900
1900
1900
1900
1900
1900
1838
1900
1900
1900
1900
1824
1900
1900
1847
1828
1838
1900
1900
1900
1810
1900
1900
1900
1900
1900
1900
1930
1855
1855
1855
1855
1855
1855
1855
1855
1923
1803
1803
1803
1803
1803
1803
1803
1803
0
1830
1793
1780
1780
1813
1813
1813
1813
1813
1813
1813
1813
1813
1813
1813
1813
1813
1813
1813
1813
1845
1855
1900
1850
1855
1850
1856
1836
1879
1858
1867
1842
1895
1865
1850
1850
1854
1852
1854
1867
1852
1840
1861
1897
1897
1858
1860
1869
1880
1918
1922
1918
1914
1914
1914
1914
1852
1875
1855
1890
1840
1855
1858
1848
2019-01-01 00:00:00
2019-01-01 00:00:00
1855
1855
1855
1840
1890
1884
1855
1860
1848
1890
1848
1890
1842
1848
1870
1840
1860
1884
2019-01-01 00:00:00
1842
2019-01-01 00:00:00
1856
1853
1899
1870
1870
1879
1850
1893
1870
1870
1870
1900
1917
1850
1850
1852
1895
1864
2019-01-01 00:00:00
2019-01-01 00:00:00
2019-01-01 00:00:00
1860
1870
1870
1847
2005
1854
1865
1865
1860
1846
1895
1895
1860
1858
1860
1868
1857
1857
1840
1868
1865
1857
1850
1850
1850
1900
1858
1885
1885
1888
1840
1880
1840
1840
1850
1850
1880
1863
1863
1914
1856
1858
1858
1850
1858
1840
1881
2019-01-01 00:00:00
1883
1883
1880
1850
2019-01-01 00:00:00
2019-01-01 00:00:00
1850
1870
2019-01-01 00:00:00
1850
1847
1856
1869
1869
1850
1851
1851
1860
1860
1881
2019-01-01 00:00:00
1895
2019-01-01 00:00:00
1855
1855
1893
1890
1899
1856
1861
2019-01-01 00:00:00
1861
1849
1855
1855
1855
2019-01-01 00:00:00
1897
1850
1840
1915
1914
1907
1855
1922
1900
1900
1842
1842
1843
1836
1842
1787
1834
0
1855
1855
1817
1817
1850
1842
1790
1855
1854
1845
1845
1845
1772
1860
1860
1860
1835
1835
1835
1836
1836
1800
1836
1836
1836
1836
1836
1836
1836
1835
1850
1860
1836
1810
1810
1860
1869
1869
1823
1810
1810
1810
1810
1821
1844
1844
1772
1772
1772
1772
1772
1860
1930
1930
1930
1930
1930
1930
1930
1930
1817
1817
1817
1817
1930
1930
1930
1930
1930
1865
1924
1835
1890
1913
1881
1877
1900
1803
1919
1924
1825
1890
1808
1825
1860
1920
1906
1930
1840
0
1905
1905
1930
1880
1880
1803
1817
1817
1817
1817
1817
1817
1930
1780
1779
1825
1820
1817
1930
1930
1930
1817
1817
1817
1850
1810
1930
1930
1930
1880
1880
1880
1772
1772
1772
1772
1904
1927
1880
1850
1857
1869
1858
1850
1858
1869
1850
1875
1865
1865
1840
1870
1870
2020
1840
1851
1840
1890
1895
1895
1864
1880
1864
1880
1880
1880
1880
1884
1892
1863
1890
1890
1890
1890
1892
1869
1869
1880
1880
1850
1850
1800
1924
1924
2011
2011
1919
1892
1892
1877
1895
1895
1870
1870
1870
1889
1888
1888
1888
1918
1918
1898
2019-01-01 00:00:00
1917
1917
1890
1863
1863
1863
1863
1877
1850
1889
1889
1870
2005
2005
2005
1875
1914
1914
1855
1855
1870
1870
1884
1884
1858
1924
2019
2011
2011
2011
2011
2011
1741
1741
1741
1741
1741
1741
1741
1741
1741
1920
1920
2019
1851
1851
1851
2011
2011
2011
2011
2011
2011
2011
2011
2011
2011
2011
2011
2011
2011
2011
2011
2011
2011
2011
2011
2011
2011
2011
2011
2011
2011
2011
2011
2011
2011
2011
2011
2011
2011
2011
2011
2011
2011
2011
2011
2011
2011
2011
2011
2011
2011
2011
2011
2011
2011
2011
2011
2011
2011
2011
2011
2011
2011
2011
2011
2011
2011
2011
2011
2011
2011
2011
2011
2011
2011
2011
2011
2011
2011
2011
2011
2011
2011
2011
2011
2011
2011
2011
1979
1979
2011
2011
2011
2011
2011
2011
2011
2011
1870
1870
1870
1850
1880
1880
1880
1870
1850
1870
1870
1910
1915
1328
1856
1844
1850
1906
1907
1879
1890
1867
1880
1850
1885
1867
1840
1888
1888
1885
1850
1890
1850
1863
1840
1850
1885
1863
1835
1885
2019-01-01 00:00:00
1884
1840
1850
1840
1840
1850
1855
1850
1850
1850
1924
1800
1884
1890
1890
1890
1890
1890
1892
1892
1892
1979
1840
1840
1840
1900
1836
1850
1840
1850
1903
1840
1855
1855
1851
1851
1906
1855
1855
1855
1852
1979
1893
1924
1924
1851
1851
1851
1851
1851
1851
1851
1851
1851
1851
1851
1851
1851
1851
1851
1851
1851
1851
1851
1851
1851
1851
1869
1914
1914
1914
1887
1880
1860
1880
1860
1860
1892
1869
1858
1900
1899
1897
1328
1328
1328
1328
1328
1328
1328
1328
1328
1328
1328
1328
1328
1328
1328
1328
1328
1328
1328
1854
1328
1915
1915
1328
1328
1328
1328
1328
1328
1328
1328
1328
1328
1328
1328
1328
1328
1328
1328
1858
1864
1840
1890
1890
1890
1890
1887
1887
1851
1851
1851
1858
1863
1869
1860
1850
1869
1328
1328
1328
1328
1328
1328
1328
1328
1328
1328
1328
1328
1328
1328
1328
1328
1328
1328
1328
1851
1851
1851
1851
1851
1851
1851
1851
1851
1851
1851
1851
1851
1851
1851
1851
1851
1923
1907
1916
1819
1996
1816
1835
1835
1936
1868
1798
1900
1900
1900
1819
1900
1900
1775
1846
1785
1846
1779
1853
1858
1883
1914
1840
1879
2019-01-01 00:00:00
1870
1853
1853
1853
1853
1853
1853
1853
1853
1853
1853
1853
1853
1853
1853
1853
1853
1853
1853
1853
1853
1853
1853
1853
1853
1853
1853
1853
1853
1853
1853
1853
1853
1853
1853
1853
1853
1853
1894
1894
1894
1894
1894
1894
1894
1894
1894
1894
1894
1894
1894
1894
1894
1894
1894
1894
1894
1894
1894
1894
1894
1894
1894
1894
1894
1894
1894
1894
1894
1894
1894
1894
1894
1894
1894
1894
1894
1894
1894
1894
1894
1894
1894
1894
1894
1894
1894
1894
1894
1894
1894
1894
1894
1894
1886
1886
1886
1886
1886
1886
1886
1886
1886
1886
1886
1886
1907
1907
1907
1907
1907
1850
1920
1920
1920
1920
1920
1920
1907
1907
1907
1907
1906
1906
1906
1927
1904
1906
1906
1927
1904
1927
1927
1927
1904
1927
1904
1927
1920
1920
1920
1920
1920
1920
1920
1920
1920
1920
1920
1920
1776
1776
1776
1776
1826
1834
1907
1907
1907
1907
1907
1907
1907
1907
1907
1907
1907
1907
1922
1907
1937
1937
1922
1907
1907
1907
1821
1821
1907
1907
1907
1907
1907
1907
1840
1840
1907
1906
1904
1906
1906
1906
1906
1906
1906
1906
1927
1904
1927
1927
1927
1904
1927
1906
1922
1922
1927
1906
1906
1906
1906
1924
1924
1924
1924
1924
1924
1922
1922
1922
1922
1922
1922
1922
1922
1922
1924
1924
1924
1922
1927
1924
1906
1906
1767
1794
1784
1900
1927
1927
1927
1927
1927
1927
1906
1927
1906
1924
1906
1906
1855
1906
1904
1927
1904
1904
1904
1927
1927
1904
1927
1927
1927
1904
1927
1904
1927
1927
1906
1906
1906
1906
1924
1907
1850
1855
1924
1924
1924
1927
1904
1927
1904
1927
1927
1927
1927
1927
1927
1927
1797
1927
1927
1927
1927
1924
1924
1924
1924
1924
1924
1924
1924
1924
1924
1924
1924
1924
1927
1904
1927
1924
1926
1979
1851
1850
1889
1918
1898
2019-01-01 00:00:00
2019-01-01 00:00:00
1800
1800
1800
1917
1917
1855
1856
1844
1888
1877
1877
1860
1860
1877
1870
1870
1860
1870
1870
1917
1919
1919
1919
1919
1914
1914
1870
1870
1870
2019-01-01 00:00:00
1885
1979
1902
1900
1836
1820
1856
1836
1850
1979
1916
1880
1890
1890
1880
1858
1892
1840
1870
1919
1917
1914
1914
1855
1924
1900
1834
1843
1870
1927
1927
1835
1835
1835
1840
1835
1784
1821
1871
1894
1776
1776
1776
1776
1776
1928
1924
1924
1924
1924
1924
1924
1920
1920
1920
1920
1920
1920
1920
1924
1924
1924
1924
1924
1924
1920
1937
1924
1826
1776
1776
1794
1773
1822
1810
1784
1808
1830
1914
1915
1928
1920
1784
1879
1885
1922
1922
1922
1923
1825
1914
1853
1900
1824
1784
1825
1914
1923
1893
1840
1840
1828
0
0
1768
1768
1768
1768
1768
1919
1923
1900
1921
1923
1923
1923
1923
1900
1899
1890
1890
1833
1779
1836
1768
1828
1768
1847
1895
1838
1834
1923
1834
1924
1833
1763
1833
1926
1966
1933
1900
1838
1865
1920
1920
1760
1920
1924
1924
1924
1922
1922
1922
1922
1922
1922
1927
1927
1927
1927
1904
1927
1904
1927
1906
1906
1906
1906
1906
1906
1906
1906
1906
1906
1906
1927
1904
1927
1904
1927
1927
1927
1904
1927
1904
1927
1904
1927
1904
1906
1906
1906
1904
1927
1904
1927
1927
1906
1906
1927
1906
1904
1906
1906
1906
1927
1927
1927
1927
1927
1927
1924
1906
1906
1906
1906
1906
1906
1906
1906
1906
1927
1927
1927
1906
1906
1924
1924
1924
1904
1904
1904
1904
1904
1904
1904
1906
1906
1906
1906
1906
1906
1906
1906
1921
1901
1904
1904
1927
1904
1904
1927
1924
1924
1924
1924
1922
1924
1924
1924
1924
1922
1924
1904
1904
1924
1937
1922
1922
1922
1920
1914
1924
1915
1920
1920
1920
1920
1920
1920
1924
1924
1924
1924
1924
1924
1937
1937
1840
1890
1779
1833
1859
1830
1920
1920
1906
1906
1920
1920
0
1927
1918
1918
1854
1776
1900
1920
1920
1920
1920
1920
1917
1851
1900
1900
1857
1784
1800
1790
1864
1864
1864
1864
1864
1808
1803
1803
1803
1803
1857
1857
1857
1820
1855
1855
1855
1855
1855
1855
1855
1855
1880
1880
1880
1863
1880
1880
1880
1863
1863
1863
1880
1840
1900
1900
1857
1820
1900
1900
1900
1825
1900
1857
1849
1900
1900
1900
1900
1900
1900
1900
1900
1900
1900
1900
1900
1900
1900
1844
1842
1847
1833
1850
1900
1900
1900
1900
1856
1834
1810
1840
1840
1840
1840
1840
1840
1817
1817
1840
1840
1907
1810
1810
1810
1848
1907
1844
1803
1803
1803
1803
1803
1803
1803
1803
1803
1803
1803
1803
1803
1803
1803
1803
1850
1826
1869
1869
1869
1813
1813
1813
1813
1813
1813
1813
1813
1813
1813
1813
1813
1813
1813
1813
1813
1813
1793
1793
1793
1888
1780
1780
1780
1780
1780
1917
1800
0
1817
1860
1850
1842
1860
1850
1855
1841
1845
1848
1834
1835
1835
1828
1836
1836
1800
1835
1835
1800
1842
1843
1860
1856
1810
1845
1841
1873
1798
1836
1829
1855
1853
1853
1853
1853
1853
1853
1853
1853
1853
1853
1853
1853
1853
1853
1853
1853
1853
1853
1853
1853
1853
1853
1853
1853
1853
1853
1980
1875
1863
1848
1883
1914
1851
1806
1851
1920
1915
1910
1817
1831
1926
1900
1900
1836
1817
1914
1914
1923
1776
1820
1855
1900
1800
1914
1836
1857
1856
1900
1933
1859
1848
1808
1768
1768
1918
1880
0
1828
1803
1808
1808
1828
1933
1810
1838
1788
1898
1966
1923
1923
1923
1768
1895
1897
1893
1840
1840
1858
1917
1898
1840
1915
1918
1907
1907
1907
1907
1907
1907
1907
1907
1907
1907
1907
1907
1907
1907
1907
1907
1772
1907
1772
1768
1882
1922
1918
1768
1768
1768
1890
1897
1893
1893
1893
1893
1893
1922
1923
1920
1768
1833
1833
1916
1833
1915
1885
1885
1916
1900
1923
1923
1854
1803
1803
1803
1914
1915
1810
1923
1817
1919
1914
1919
1916
1920
1921
1898
1915
1900
1900
1900
1914
1803
1923
1763
1900
1900
1914
1917
1855
1907
1914
1928
1928
1885
1928
1928
1928
1928
1928
1928
1928
1928
1928
1928
1928
1928
1926
1774
1857
1857
1864
1874
1864
1780
1864
1864
1864
1864
1898
1922
1830
1850
1915
1915
1915
1915
1915
1915
1915
1915
1918
1918
1918
1918
1830
1844
1860
1851
1850
1850
1895
1903
1855
1855
1851
1907
1906
1863
1863
1863
1850
1906
1880
1880
1850
1885
1840
1863
1863
2019-01-01 00:00:00
1885
1885
1879
1850
1840
1840
1885
1870
1856
1885
1903
1850
1850
1819
1855
1979
1856
1915
1914
1914
1915
1915
1891
1850
1885
1900
1885
1840
1888
1858
1840
1863
1840
1918
1917
1917
1880
1880
1880
1918
1918
1931
1855
1858
1861
1916
1918
1922
1914
1918
1914
1915
1915
1916
1916
1916
1931
1850
1895
1850
1897
1852
1897
1852
1895
1890
1895
1897
1852
1869
1885
1890
1885
1870
1870
1885
1845
1890
1840
1890
1845
1890
1845
1890
1845
1851
1890
1898
1898
1895
1895
1864
1864
1887
1864
1864
1840
1887
1887
1851
1851
1851
1851
1802
1920
1851
1851
1851
1851
1851
1851
1851
1870
1890
1890
1890
1868
1868
1868
1868
1870
1869
1880
1870
1870
1870
1328
1328
1328
1328
1328
1328
1328
1328
1328
1328
1328
1328
1328
1328
1328
1328
1869
1914
1850
1850
1887
1887
1880
1869
1869
1850
1843
1850
1899
1899
1875
1875
1900
1900
1900
1900
1858
1856
1858
1863
1860
1859
1875
1869
1850
1856
1899
1899
1850
1899
1869
1869
1857
1875
1858
1850
1850
1850
1850
1840
1851
1851
1851
1851
1851
1851
1851
1851
1851
1851
1851
1851
1851
1851
1851
1851
1851
1851
1851
1851
1851
1851
1851
1851
1851
1851
1851
1851
1851
1851
1851
1927
1328
1328
1328
1328
1328
1328
1328
1328
1328
1328
1328
1328
1328
1328
1328
1328
1328
1328
1328
1328
1328
1328
1328
1328
1328
1328
1328
1328
1328
1328
1328
1328
1328
1328
1328
1328
1328
1328
1328
1328
1328
1328
1328
1920
1920
2011
2011
2011
2011
2019
2019
2011
2011
1741
1741
1741
1741
1741
1741
1741
1741
1741
2011
2011
2011
2011
2011
2011
2011
2011
2011
2011
2011
2011
2011
2011
2011
2011
2011
2011
2011
2011
2011
2011
2011
2011
2011
2011
2011
2011
2011
2011
2011
2011
2011
2011
2011
2011
2011
2011
2011
2011
2011
2011
2011
2011
2011
2011
2011
2011
2011
2011
2011
2011
2011
2011
2011
2011
2011
2011
2011
2011
2011
2011
2011
2011
2011
2011
2011
2011
2011
2011
2011
2011
2011
2011
2011
2011
2011
2011
2011
2011
2011
2011
2011
2011
2011
1855
1800
1800
1870
1875
1889
1884
1858
1858
1800
1924
1900
1895
2019-01-01 00:00:00
1861
1851
1858
1850
1850
1858
1858
1840
1858
1840
1867
1899
1867
1850
1793
1914
1899
1883
2019-01-01 00:00:00
1880
1850
1883
1836
1880
1850
1850
2019-01-01 00:00:00
1856
1850
1847
2019-01-01 00:00:00
1856
1890
1854
1856
1847
1869
1869
1864
1895
2019-01-01 00:00:00
1854
1895
1890
1890
1870
1864
1850
1902
1890
1845
1902
1850
1847
2005
1847
1958
1958
1958
1958
1858
1846
1870
1860
2019-01-01 00:00:00
1840
1865
1880
1907
1907
1907
1907
1907
1907
1907
1907
1907
1907
2011
2011
2011
2011
2011
2011
2011
2011
2011
2011
2011
2011
2011
2011
2011
2011
2011
2011
2011
2011
1776
1907
1907
1907
1907
1907
1907
1907
1907
1907
1907
1907
1907
1907
1907
1907
1907
1907
1770
1907
1907
1907
1907
1840
1907
1907
1907
1907
1900
1803
1907
1833
1856
1784
1786
1775
1932
1900
1820
1918
2011
2011
2011
2011
2011
2011
2011
2011
1907
1907
1907
1907
1907
1907
1907
1907
1910
1907
1907
1907
1907
1907
1850
1850
1915
1917
1900
1900
1801
1860
1803
1803
1907
1802
1829
1900
1885
1885
1900
1856
1791
1921
1836
1855
1858
1861
1860
1855
1840
1855
1840
1893
1853
1890
1890
1870
1870
1890
1880
1870
1860
1893
1899
1893
2019-01-01 00:00:00
1851
1884
1879
1853
1893
1863
2019-01-01 00:00:00
1880
1840
1901
1840
1840
1849
2019-01-01 00:00:00
2019-01-01 00:00:00
1840
1840
1850
2019-01-01 00:00:00
1861
1893
1879
1879
2019-01-01 00:00:00
1842
1849
1851
1861
1890
1861
1870
1840
1870
1860
1840
1890
1820
1894
1894
1894
1894
1894
1894
1894
1894
1894
1894
1894
1894
1886
1886
1886
1886
1886
1886
1886
1886
1886
1886
1894
1894
1894
1894
1894
1894
1894
1894
1894
1894
1894
1894
1894
1894
1894
1894
1894
1894
1894
1894
1894
1894
1894
1894
1894
1894
1894
1894
1894
1894
1894
1894
1894
1894
1963
1928
1928
1928
1928
1928
1928
1928
1928
1928
1928
1928
1928
1928
1920
1900
1915
1915
1915
1915
1915
1924
1900
1926
1850
1922
1922
1900
1924
1844
1844
1924
1856
1885
1916
1824
1916
1898
1898
1898
1817
1817
1817
1817
1832
1810
1830
1928
1928
1928
1928
1928
1928
1780
1780
1780
0
1900
1800
1808
1920
1920
1920
1920
1856
1850
1800
1830
1900
